variables = "x" "density" 
-5.	1
-4.995	1
-4.99	1
-4.985	1
-4.98	1
-4.975	1
-4.97	1
-4.965	1
-4.96	1
-4.955	1
-4.95	1
-4.945	1
-4.94	1
-4.935	1
-4.93	1
-4.925	1
-4.92	1
-4.915	1
-4.91	1
-4.905	1
-4.9	1
-4.895	1
-4.89	1
-4.885	1
-4.88	1
-4.875	1
-4.87	1
-4.865	1
-4.86	1
-4.855	1
-4.85	1
-4.845	1
-4.84	1
-4.835	1
-4.83	1
-4.825	1
-4.82	1
-4.815	1
-4.81	1
-4.805	1
-4.8	1
-4.795	1
-4.79	1
-4.785	1
-4.78	1
-4.775	1
-4.77	1
-4.765	1
-4.76	1
-4.755	1
-4.75	1
-4.745	1
-4.74	1
-4.735	1
-4.73	1
-4.725	1
-4.72	1
-4.715	1
-4.71	1
-4.705	1
-4.7	1
-4.695	1
-4.69	1
-4.685	1
-4.68	1
-4.675	1
-4.67	1
-4.665	1
-4.66	1
-4.655	1
-4.65	1
-4.645	1
-4.64	1
-4.635	1
-4.63	1
-4.625	1
-4.62	1
-4.615	1
-4.61	1
-4.605	1
-4.6	1
-4.595	1
-4.59	1
-4.585	1
-4.58	1
-4.575	1
-4.57	1
-4.565	1
-4.56	1
-4.555	1
-4.55	1
-4.545	1
-4.54	1
-4.535	1
-4.53	1
-4.525	1
-4.52	1
-4.515	1
-4.51	1
-4.505	1
-4.5	1
-4.495	1
-4.49	1
-4.485	1
-4.48	1
-4.475	1
-4.47	1
-4.465	1
-4.46	1
-4.455	1
-4.45	1
-4.445	1
-4.4399999999999995	1
-4.435	1
-4.43	1
-4.425	1
-4.42	1
-4.415	1
-4.41	1
-4.405	1
-4.4	1
-4.395	1
-4.39	1
-4.385	1
-4.38	1
-4.375	1
-4.37	1
-4.365	1
-4.36	1
-4.355	1
-4.35	1
-4.345	1
-4.34	1
-4.335	1
-4.33	1
-4.325	1
-4.32	1
-4.3149999999999995	1
-4.31	1
-4.305	1
-4.3	1
-4.295	1
-4.29	1
-4.285	1
-4.28	1
-4.275	1
-4.27	1
-4.265	1
-4.26	1
-4.255	1
-4.25	1
-4.245	1
-4.24	1
-4.235	1
-4.23	1
-4.225	1
-4.22	1
-4.215	1
-4.21	1
-4.205	1
-4.2	1
-4.195	1
-4.1899999999999995	1
-4.185	1
-4.18	1
-4.175	1
-4.17	1
-4.165	1
-4.16	1
-4.155	1
-4.15	1
-4.145	1
-4.14	1
-4.135	1
-4.13	1
-4.125	1
-4.12	1
-4.115	1
-4.11	1
-4.105	1
-4.1	1
-4.095	1
-4.09	1
-4.085	1
-4.08	1
-4.075	1
-4.07	1
-4.0649999999999995	1
-4.06	1
-4.055	1
-4.05	1
-4.045	1
-4.04	1
-4.035	1
-4.03	1
-4.025	1
-4.02	1
-4.015	1
-4.01	1
-4.005	1
-4.	1
-3.995	1
-3.99	1
-3.985	1
-3.98	1
-3.975	1
-3.9699999999999998	1
-3.965	1
-3.96	1
-3.955	1
-3.95	1
-3.9450000000000003	1
-3.94	1
-3.935	1
-3.9299999999999997	1
-3.925	1
-3.92	1
-3.915	1
-3.91	1
-3.9050000000000002	1
-3.9	1
-3.895	1
-3.8899999999999997	1
-3.885	1
-3.88	1
-3.875	1
-3.87	1
-3.865	1
-3.86	1
-3.855	1
-3.8499999999999996	1
-3.8449999999999998	1
-3.84	1
-3.835	1
-3.83	1
-3.825	1
-3.8200000000000003	1
-3.815	1
-3.81	1
-3.8049999999999997	1
-3.8	1
-3.795	1
-3.79	1
-3.785	1
-3.7800000000000002	1
-3.775	1
-3.77	1
-3.7649999999999997	1
-3.76	1
-3.755	1
-3.75	1
-3.745	1
-3.74	1
-3.735	1
-3.73	1
-3.7249999999999996	1
-3.7199999999999998	1
-3.715	1
-3.71	1
-3.705	1
-3.7	1
-3.6950000000000003	1
-3.69	1
-3.685	1
-3.6799999999999997	1
-3.675	1
-3.67	1
-3.665	1
-3.66	1
-3.6550000000000002	1
-3.65	1
-3.645	1
-3.6399999999999997	1
-3.635	1
-3.63	1
-3.625	1
-3.62	1
-3.615	1
-3.61	1
-3.605	1
-3.5999999999999996	1
-3.5949999999999998	1
-3.59	1
-3.585	1
-3.58	1
-3.575	1
-3.5700000000000003	1
-3.565	1
-3.56	1
-3.5549999999999997	1
-3.55	1
-3.545	1
-3.54	1
-3.535	1
-3.5300000000000002	1
-3.525	1
-3.52	1
-3.5149999999999997	1
-3.51	1
-3.505	1
-3.5	1
-3.495	1
-3.49	1
-3.485	1
-3.48	1
-3.4749999999999996	1
-3.4699999999999998	1
-3.465	1
-3.46	1
-3.455	1
-3.45	1
-3.4450000000000003	1
-3.44	1
-3.435	1
-3.4299999999999997	1
-3.425	1
-3.42	1
-3.415	1
-3.41	1
-3.4050000000000002	1
-3.4	1
-3.395	1
-3.3899999999999997	1
-3.385	1
-3.38	1
-3.375	1
-3.37	1
-3.365	1
-3.36	1
-3.355	1
-3.3499999999999996	1
-3.3449999999999998	1
-3.34	1
-3.335	1
-3.33	1
-3.325	1
-3.3200000000000003	1
-3.315	1
-3.31	1
-3.3049999999999997	1
-3.3	1
-3.295	1
-3.29	1
-3.285	1
-3.2800000000000002	1
-3.275	1
-3.27	1
-3.2649999999999997	1
-3.26	1
-3.255	1
-3.25	1
-3.245	1
-3.24	1
-3.235	1
-3.23	1
-3.2249999999999996	1
-3.2199999999999998	1
-3.215	1
-3.21	1
-3.205	1
-3.2	1
-3.1950000000000003	1
-3.19	1
-3.185	1
-3.1799999999999997	1
-3.175	1
-3.17	1
-3.165	1
-3.16	1
-3.1550000000000002	1
-3.15	1
-3.145	1
-3.1399999999999997	1
-3.135	1
-3.13	1
-3.125	1
-3.12	1
-3.115	1
-3.11	1
-3.105	1
-3.0999999999999996	1
-3.0949999999999998	1
-3.09	1
-3.085	1
-3.08	1
-3.075	1
-3.0700000000000003	1
-3.065	1
-3.06	1
-3.0549999999999997	1
-3.05	1
-3.045	1
-3.04	1
-3.035	1
-3.0300000000000002	1
-3.025	1
-3.02	1
-3.0149999999999997	1
-3.01	1
-3.005	1
-3.	1
-2.995	1
-2.9899999999999998	1
-2.985	1
-2.98	1
-2.975	1
-2.9699999999999998	1
-2.965	1
-2.96	1
-2.955	1
-2.95	1
-2.945	1
-2.94	1
-2.935	1
-2.93	1
-2.925	1
-2.92	1
-2.915	1
-2.91	1
-2.905	1
-2.9	1
-2.895	1
-2.89	1
-2.885	1
-2.88	1
-2.875	1
-2.87	1
-2.8649999999999998	1
-2.86	1
-2.855	1
-2.85	1
-2.8449999999999998	1
-2.84	1
-2.835	1
-2.83	1
-2.8249999999999997	1
-2.82	1
-2.815	1
-2.81	1
-2.805	1
-2.8	1
-2.795	1
-2.79	1
-2.785	1
-2.78	1
-2.775	1
-2.77	1
-2.765	1
-2.76	1
-2.755	1
-2.75	1
-2.745	1
-2.7399999999999998	1
-2.735	1
-2.73	1
-2.725	1
-2.7199999999999998	1
-2.715	1
-2.71	1
-2.705	1
-2.6999999999999997	1
-2.695	1
-2.69	1
-2.685	1
-2.68	1
-2.675	1
-2.67	1
-2.665	1
-2.66	1
-2.655	1
-2.65	1
-2.645	1
-2.64	1
-2.635	1
-2.63	1
-2.625	1
-2.62	1
-2.6149999999999998	1
-2.61	1
-2.605	1
-2.6	1
-2.5949999999999998	1
-2.59	1
-2.585	1
-2.58	1
-2.5749999999999997	1
-2.57	1
-2.565	1
-2.56	1
-2.555	1
-2.55	1
-2.545	1
-2.54	1
-2.535	1
-2.53	1
-2.525	1
-2.52	1
-2.515	1
-2.51	1
-2.505	1
-2.5	1
-2.495	1
-2.4899999999999998	1
-2.485	1
-2.48	1
-2.475	1
-2.4699999999999998	1
-2.465	1
-2.46	1
-2.455	1
-2.4499999999999997	1
-2.445	1
-2.44	1
-2.435	1
-2.43	1
-2.425	1
-2.42	1
-2.415	1
-2.41	1
-2.405	1
-2.4	1
-2.395	1
-2.39	1
-2.385	1
-2.38	1
-2.375	1
-2.37	1
-2.3649999999999998	0.9994958568752709
-2.36	0.9977370682792682
-2.355	0.9959807564731644
-2.35	0.994226918840111
-2.3449999999999998	0.9924755527651
-2.34	0.9907266556349698
-2.335	0.9889802248383981
-2.33	0.9872362577659068
-2.3249999999999997	0.9854947518098569
-2.32	0.9837557043644537
-2.315	0.9820191128257386
-2.31	0.9802849745915929
-2.305	0.978553287061741
-2.3	0.976824047637738
-2.295	0.9750972537229837
-2.29	0.9733729027227062
-2.285	0.9716509920439811
-2.28	0.9699315190957079
-2.275	0.9682144812886286
-2.27	0.9664998760353146
-2.265	0.9647877007501762
-2.26	0.963077952849449
-2.255	0.9613706297512081
-2.25	0.9596657288753558
-2.245	0.9579632476436253
-2.2399999999999998	0.9562631834795841
-2.235	0.9545655338086227
-2.23	0.9528702960579668
-2.225	0.951177467656666
-2.2199999999999998	0.9494870460356022
-2.215	0.9477990286274773
-2.21	0.9461134128668264
-2.205	0.9444301961900052
-2.1999999999999997	0.9427493760352003
-2.195	0.9410709498424147
-2.19	0.9393949150534825
-2.185	0.9377212691120568
-2.18	0.936050009463613
-2.175	0.9343811335554526
-2.17	0.9327146388366905
-2.165	0.9310505227582709
-2.16	0.9293887827729505
-2.155	0.9277294163353114
-2.15	0.9260724209017468
-2.145	0.9244177939304762
-2.14	0.9227655328815288
-2.135	0.9211156352167578
-2.13	0.9194680983998234
-2.125	0.9178229198962092
-2.12	0.9161800971732097
-2.1149999999999998	0.9145396276999325
-2.11	0.9129015089473013
-2.105	0.9112657383880507
-2.1	0.9096323134967278
-2.0949999999999998	0.9080012317496896
-2.09	0.9063724906251073
-2.085	0.9047460876029589
-2.08	0.9031220201650335
-2.0749999999999997	0.9015002857949275
-2.07	0.8998808819780475
-2.065	0.8982638062016063
-2.06	0.8966490559546234
-2.055	0.8950366287279249
-2.05	0.8934265220141412
-2.045	0.8918187333077111
-2.04	0.8902132601048737
-2.035	0.8886100999036736
-2.03	0.8870092502039565
-2.025	0.8854107085073747
-2.02	0.8838144723173771
-2.015	0.882220539139217
-2.01	0.880628906479945
-2.005	0.8790395718484149
-2.	0.8774525327552775
-1.995	0.8758677867129817
-1.9899999999999998	0.8742853312357743
-1.9849999999999999	0.8727051638397006
-1.98	0.8711272820426017
-1.975	0.8695516833641125
-1.9699999999999998	0.8679783653256651
-1.9649999999999999	0.8664073254504868
-1.96	0.8648385612635967
-1.955	0.8632720702918079
-1.9499999999999997	0.8617078500637253
-1.9449999999999998	0.8601458981097484
-1.94	0.8585862119620642
-1.935	0.8570287891546532
-1.9299999999999997	0.8554736272232827
-1.9249999999999998	0.8539207237055143
-1.92	0.8523700761406933
-1.915	0.8508216820699556
-1.9100000000000001	0.8492755390362231
-1.9049999999999998	0.8477316445842047
-1.9	0.8461899962603969
-1.895	0.8446505916130802
-1.8900000000000001	0.8431134281923189
-1.8849999999999998	0.8415785035499624
-1.88	0.8400458152396456
-1.875	0.8385153608167822
-1.87	0.8369871378385709
-1.8649999999999998	0.8354611438639896
-1.8599999999999999	0.8339373764538011
-1.855	0.8324158331705435
-1.85	0.8308965115785379
-1.8449999999999998	0.829379409243881
-1.8399999999999999	0.8278645237344529
-1.835	0.8263518526199062
-1.83	0.8248413934716731
-1.8249999999999997	0.8233331438629605
-1.8199999999999998	0.8218271013687517
-1.815	0.820323263565807
-1.81	0.8188216280326576
-1.8049999999999997	0.8173221923496099
-1.7999999999999998	0.8158249540987442
-1.795	0.8143299108639124
-1.79	0.8128370602307374
-1.7850000000000001	0.8113463997866134
-1.7799999999999998	0.8098579271207073
-1.775	0.8083716398239532
-1.77	0.8068875354890546
-1.7650000000000001	0.805405611710484
-1.7599999999999998	0.8039258660844838
-1.755	0.8024482962090583
-1.75	0.8009728996839847
-1.745	0.7994996741108001
-1.7399999999999998	0.7980286170928127
-1.7349999999999999	0.7965597262350909
-1.73	0.7950929991444685
-1.725	0.7936284334295416
-1.7199999999999998	0.7921660267006723
-1.7149999999999999	0.7907057765699806
-1.71	0.7892476806513504
-1.705	0.7877917365604244
-1.6999999999999997	0.7863379419146063
-1.6949999999999998	0.7848862943330618
-1.69	0.7834367914367091
-1.685	0.7819894308482307
-1.6799999999999997	0.7805442101920627
-1.6749999999999998	0.779101127094401
-1.67	0.7776601791831949
-1.665	0.77622136408815
-1.6600000000000001	0.774784679440727
-1.6549999999999998	0.7733501228741422
-1.65	0.7719176920233626
-1.645	0.77048738452511
-1.6400000000000001	0.7690591980178584
-1.6349999999999998	0.7676331301418315
-1.63	0.7662091785390083
-1.625	0.7647873408531107
-1.62	0.7633676147296201
-1.6149999999999998	0.7619499978157573
-1.6099999999999999	0.7605344877604983
-1.605	0.7591210822145629
-1.6	0.7577097788304197
-1.5949999999999998	0.7563005752622822
-1.5899999999999999	0.7548934691661129
-1.585	0.7534884581996153
-1.58	0.7520855400222399
-1.5749999999999997	0.7506847122951805
-1.5699999999999998	0.7492859726813726
-1.565	0.7478893188454981
-1.56	0.7464947484539739
-1.5549999999999997	0.7451022591749674
-1.5499999999999998	0.743711848678377
-1.545	0.7423235146358481
-1.54	0.7409372547207616
-1.5350000000000001	0.7395530666082396
-1.5299999999999998	0.7381709479751379
-1.525	0.736790896500055
-1.52	0.7354129098633218
-1.5150000000000001	0.7340369857470072
-1.5099999999999998	0.7326631218349152
-1.505	0.7312913158125831
-1.5	0.7299215653672857
-1.495	0.728553868188027
-1.4899999999999998	0.7271882219655477
-1.4849999999999999	0.7258246243923163
-1.48	0.7244630731625366
-1.475	0.7231035659721403
-1.4699999999999998	0.7217461005187934
-1.4649999999999999	0.7203906745018852
-1.46	0.7190372856225394
-1.455	0.7176859315836055
-1.4499999999999997	0.7163366100896601
-1.4449999999999998	0.7149893188470079
-1.44	0.713644055563678
-1.435	0.7123008179494292
-1.4299999999999997	0.7109596037157397
-1.4249999999999998	0.7096204105758169
-1.42	0.7082832362445889
-1.415	0.7069480784387079
-1.4100000000000001	0.7056149348765471
-1.4049999999999998	0.7042838032782051
-1.4	0.7029546813654957
-1.395	0.7016275668619584
-1.3900000000000001	0.7003024574928502
-1.3849999999999998	0.6989793509851461
-1.38	0.6976582450675429
-1.375	0.696339137470452
-1.37	0.6950220259260035
-1.3649999999999998	0.6937069081680426
-1.3599999999999999	0.6923937819321326
-1.355	0.6910826449555505
-1.35	0.6897734949772882
-1.3449999999999998	0.6884663297380503
-1.3399999999999999	0.6871611469802574
-1.335	0.6858579444480407
-1.33	0.6845567198872431
-1.3249999999999997	0.6832574710454199
-1.3199999999999998	0.6819601956718354
-1.315	0.6806648915174673
-1.31	0.679371556334999
-1.3049999999999997	0.6780801878788241
-1.2999999999999998	0.6767907839050447
-1.295	0.6755033421714701
-1.29	0.6742178604376152
-1.2850000000000001	0.6729343364647026
-1.2799999999999998	0.6716527680156584
-1.275	0.6703731528551161
-1.27	0.6690954887494119
-1.2650000000000001	0.667819773466585
-1.2599999999999998	0.6665460047763776
-1.255	0.6652741804502359
-1.25	0.6640042982613058
-1.245	0.6627363559844343
-1.2399999999999998	0.6614703513961686
-1.2349999999999999	0.6602062822747569
-1.23	0.6589441464001453
-1.225	0.6576839415539775
-1.2199999999999998	0.6564256655195952
-1.2149999999999999	0.6551693160820394
-1.21	0.6539148910280439
-1.205	0.6526623881460406
-1.1999999999999997	0.6514118052261546
-1.1949999999999998	0.6501631400602087
-1.19	0.6489163904417155
-1.185	0.6476715541658834
-1.1799999999999997	0.6464286290296111
-1.1749999999999998	0.6451876128314922
-1.17	0.6439485033718086
-1.165	0.6427112984525339
-1.1600000000000001	0.6414759958773315
-1.1549999999999998	0.6402425934515532
-1.15	0.6390110889822411
-1.145	0.6377814802781239
-1.1400000000000001	0.6365537651496178
-1.1349999999999998	0.6353279414088244
-1.13	0.6341040068695348
-1.125	0.6328819593472216
-1.12	0.6316617966590435
-1.1149999999999998	0.6304435166238442
-1.1099999999999999	0.6292271170621496
-1.105	0.6280125957961681
-1.1	0.6267999506497911
-1.0949999999999998	0.6255891794485905
-1.0899999999999999	0.6243802800198189
-1.085	0.6231732501924111
-1.08	0.6219680877969778
-1.0749999999999997	0.6207647906658122
-1.0699999999999998	0.6195633566328833
-1.065	0.6183637835338385
-1.06	0.6171660692060011
-1.0549999999999997	0.6159702114883713
-1.0499999999999998	0.6147762082216259
-1.045	0.6135840572481152
-1.04	0.6123937564118639
-1.0349999999999997	0.6112053035585698
-1.0299999999999998	0.6100186965356069
-1.025	0.6088339331920161
-1.02	0.607651011378515
-1.0150000000000001	0.6064699289474884
-1.0099999999999998	0.6052906837529951
-1.005	0.6041132736507606
-1.	0.6029376964981807
-0.9950000000000001	0.6017639501543192
-0.9900000000000002	0.6005920324799089
-0.9850000000000003	0.5994219413373479
-0.9799999999999995	0.598253674590702
-0.9749999999999996	0.5970872301057025
-0.9699999999999998	0.5959226057497451
-0.9649999999999999	0.5947597993918923
-0.96	0.5935988089028658
-0.9550000000000001	0.5924396321550578
-0.9500000000000002	0.5912822670225154
-0.9450000000000003	0.5901267113809533
-0.9399999999999995	0.5889729631077432
-0.9349999999999996	0.587821020081922
-0.9299999999999997	0.5866708801841818
-0.9249999999999998	0.5855225412968775
-0.9199999999999999	0.5843760013040209
-0.915	0.5832312580912825
-0.9100000000000001	0.5820883095459901
-0.9050000000000002	0.5809471535571274
-0.9000000000000004	0.5798077880153367
-0.8949999999999996	0.5786702108129106
-0.8899999999999997	0.5775344198438039
-0.8849999999999998	0.576400413003618
-0.8799999999999999	0.5752681881896131
-0.875	0.5741377433006991
-0.8700000000000001	0.573009076237441
-0.8650000000000002	0.5718821849020512
-0.8600000000000003	0.5707570671983971
-0.8549999999999995	0.5696337210319938
-0.8499999999999996	0.568512144310007
-0.8449999999999998	0.5673923349412509
-0.8399999999999999	0.5662742908361873
-0.835	0.5651580099069281
-0.8300000000000001	0.5640434900672289
-0.8250000000000002	0.5629307292324951
-0.8200000000000003	0.5618197253197736
-0.8149999999999995	0.5607104762477602
-0.8099999999999996	0.5596029799367923
-0.8049999999999997	0.5584972343088545
-0.7999999999999998	0.5573932372875691
-0.7949999999999999	0.5562909867982059
-0.79	0.5551904807676741
-0.7850000000000001	0.554091717124524
-0.7800000000000002	0.5529946937989472
-0.7750000000000004	0.5518994087227733
-0.7699999999999996	0.5508058598294746
-0.7649999999999997	0.549714045054158
-0.7599999999999998	0.5486239623335711
-0.7549999999999999	0.5475356096060975
-0.75	0.5464489848117575
-0.7450000000000001	0.5453640858922064
-0.7400000000000002	0.5442809107907377
-0.7350000000000003	0.5431994574522753
-0.7299999999999995	0.5421197238233807
-0.7249999999999996	0.5410417078522474
-0.7199999999999998	0.5399654074887
-0.7149999999999999	0.5388908206841988
-0.71	0.5378179453918323
-0.7050000000000001	0.5367467795663207
-0.7000000000000002	0.5356773211640136
-0.6950000000000003	0.534609568142892
-0.6899999999999995	0.5335435184625639
-0.6849999999999996	0.5324791700842663
-0.6799999999999997	0.531416520970862
-0.6749999999999998	0.5303555690868434
-0.6699999999999999	0.5292963123983273
-0.665	0.5282387488730558
-0.6600000000000001	0.527182876480397
-0.6550000000000002	0.526128693191342
-0.6499999999999995	0.525076196978506
-0.6449999999999996	0.5240253858161283
-0.6399999999999997	0.522976257680069
-0.6349999999999998	0.5219288105478089
-0.6299999999999999	0.5208830423984533
-0.625	0.5198389512127242
-0.6200000000000001	0.5187965349729654
-0.6150000000000002	0.5177557916631381
-0.6100000000000003	0.5167167192688237
-0.6049999999999995	0.5156793157772206
-0.5999999999999996	0.5146435791771433
-0.5949999999999998	0.5136095074590237
-0.5899999999999999	0.5125770986149097
-0.585	0.5115463506384644
-0.5800000000000001	0.5105172615249639
-0.5750000000000002	0.5094898292712998
-0.5700000000000003	0.5084640518759753
-0.5649999999999995	0.5074399273391087
-0.5599999999999996	0.5064174536624274
-0.5549999999999997	0.505396628849271
-0.5499999999999998	0.5043774509045909
-0.5449999999999999	0.5033599178349466
-0.54	0.5023440276485079
-0.5350000000000001	0.5013297783550528
-0.5300000000000002	0.5003171679659671
-0.5249999999999995	0.4993061944942453
-0.5199999999999996	0.4982968559544871
-0.5149999999999997	0.49728915036289784
-0.5099999999999998	0.49628307573729075
-0.5049999999999999	0.495278630097081
-0.5	0.49427581146328975
-0.4950000000000001	0.49327461785853993
-0.4900000000000002	0.4922750473070582
-0.4850000000000003	0.49127709783467444
-0.47999999999999954	0.4902807674688177
-0.47499999999999964	0.48928605423851923
-0.46999999999999975	0.48829295617441065
-0.46499999999999986	0.48730147130872287
-0.45999999999999996	0.486311597675285
-0.45500000000000007	0.48532333330952543
-0.4500000000000002	0.4843366762484682
-0.4450000000000003	0.4833516245307378
-0.4399999999999995	0.48236817619655176
-0.4349999999999996	0.481386329287724
-0.4299999999999997	0.4804060818476655
-0.4249999999999998	0.4794274319213775
-0.41999999999999993	0.4784503775554592
-0.41500000000000004	0.4774749167981002
-0.41000000000000014	0.47650104769908264
-0.40500000000000025	0.4755287683097822
-0.39999999999999947	0.4745580766831639
-0.3949999999999996	0.4735889708737829
-0.3899999999999997	0.4726214489377863
-0.3849999999999998	0.47165550893290836
-0.3799999999999999	0.4706911489184726
-0.375	0.4697283669553899
-0.3700000000000001	0.4687671611061583
-0.3650000000000002	0.4678075294348645
-0.3600000000000003	0.4668494700071769
-0.35499999999999954	0.46589298089035314
-0.34999999999999964	0.46493806015323297
-0.34499999999999975	0.4639847058662426
-0.33999999999999986	0.4630329161013874
-0.33499999999999996	0.46208268893226
-0.33000000000000007	0.46113402243403107
-0.3250000000000002	0.46018691468345607
-0.3200000000000003	0.4592413637588687
-0.3149999999999995	0.45829736774018365
-0.3099999999999996	0.45735492470889477
-0.3049999999999997	0.45641403274807424
-0.2999999999999998	0.45547468994237433
-0.29499999999999993	0.45453689437802103
-0.29000000000000004	0.45360064414282086
-0.28500000000000014	0.45266593732615396
-0.28000000000000025	0.45173277201897866
-0.27499999999999947	0.4508011463138234
-0.2699999999999996	0.44987105830479723
-0.2649999999999997	0.44894250608757674
-0.2599999999999998	0.4480154877594153
-0.2549999999999999	0.4470900014191366
-0.25	0.4461660451671367
-0.2450000000000001	0.4452436171053824
-0.2400000000000002	0.4443227153374103
-0.23500000000000032	0.44340333796832865
-0.22999999999999954	0.44248548310481056
-0.22499999999999964	0.44156914885510307
-0.21999999999999975	0.4406543333290155
-0.21499999999999986	0.4397410346379288
-0.20999999999999996	0.4388292508947852
-0.20500000000000007	0.43791898021409925
-0.20000000000000018	0.43701022071194395
-0.19500000000000028	0.43610297050596153
-0.1899999999999995	0.4351972277153555
-0.1849999999999996	0.4342929904608933
-0.17999999999999972	0.433390256864905
-0.17499999999999982	0.43248902505128173
-0.16999999999999993	0.4315892931454771
-0.16500000000000004	0.43069105927450396
-0.16000000000000014	0.42979432156693675
-0.15500000000000025	0.4288990781529067
-0.14999999999999947	0.4280053271641058
-0.14499999999999957	0.4271130667337828
-0.13999999999999968	0.426319428178495
-0.1349999999999998	0.426319428178495
-0.1299999999999999	0.426319428178495
-0.125	0.426319428178495
-0.1200000000000001	0.426319428178495
-0.11500000000000021	0.426319428178495
-0.11000000000000032	0.426319428178495
-0.10499999999999954	0.426319428178495
-0.09999999999999964	0.426319428178495
-0.09499999999999975	0.426319428178495
-0.08999999999999986	0.426319428178495
-0.08499999999999996	0.426319428178495
-0.08000000000000007	0.426319428178495
-0.07500000000000018	0.426319428178495
-0.07000000000000028	0.426319428178495
-0.0649999999999995	0.426319428178495
-0.05999999999999961	0.426319428178495
-0.054999999999999716	0.426319428178495
-0.04999999999999982	0.426319428178495
-0.04499999999999993	0.426319428178495
-0.040000000000000036	0.426319428178495
-0.03500000000000014	0.426319428178495
-0.03000000000000025	0.426319428178495
-0.024999999999999467	0.426319428178495
-0.019999999999999574	0.426319428178495
-0.01499999999999968	0.426319428178495
-0.009999999999999787	0.426319428178495
-0.004999999999999893	0.426319428178495
0.	0.426319428178495
0.004999999999999893	0.426319428178495
0.009999999999999787	0.426319428178495
0.01499999999999968	0.426319428178495
0.020000000000000462	0.426319428178495
0.025000000000000355	0.426319428178495
0.03000000000000025	0.426319428178495
0.03500000000000014	0.426319428178495
0.040000000000000036	0.426319428178495
0.04499999999999993	0.426319428178495
0.04999999999999982	0.426319428178495
0.054999999999999716	0.426319428178495
0.0600000000000005	0.426319428178495
0.06500000000000039	0.426319428178495
0.07000000000000028	0.426319428178495
0.07500000000000018	0.426319428178495
0.08000000000000007	0.426319428178495
0.08499999999999996	0.426319428178495
0.08999999999999986	0.426319428178495
0.09499999999999975	0.426319428178495
0.10000000000000053	0.426319428178495
0.10500000000000043	0.426319428178495
0.11000000000000032	0.426319428178495
0.11500000000000021	0.426319428178495
0.1200000000000001	0.426319428178495
0.125	0.426319428178495
0.1299999999999999	0.426319428178495
0.1349999999999998	0.426319428178495
0.13999999999999968	0.426319428178495
0.14500000000000046	0.426319428178495
0.15000000000000036	0.426319428178495
0.15500000000000025	0.426319428178495
0.16000000000000014	0.426319428178495
0.16500000000000004	0.426319428178495
0.16999999999999993	0.426319428178495
0.17499999999999982	0.426319428178495
0.17999999999999972	0.426319428178495
0.1850000000000005	0.426319428178495
0.1900000000000004	0.426319428178495
0.19500000000000028	0.426319428178495
0.20000000000000018	0.426319428178495
0.20500000000000007	0.426319428178495
0.20999999999999996	0.426319428178495
0.21499999999999986	0.426319428178495
0.21999999999999975	0.426319428178495
0.22500000000000053	0.426319428178495
0.23000000000000043	0.426319428178495
0.23500000000000032	0.426319428178495
0.2400000000000002	0.426319428178495
0.2450000000000001	0.426319428178495
0.25	0.426319428178495
0.2549999999999999	0.426319428178495
0.2599999999999998	0.426319428178495
0.2649999999999997	0.426319428178495
0.27000000000000046	0.426319428178495
0.27500000000000036	0.426319428178495
0.28000000000000025	0.426319428178495
0.28500000000000014	0.426319428178495
0.29000000000000004	0.426319428178495
0.29499999999999993	0.426319428178495
0.2999999999999998	0.426319428178495
0.3049999999999997	0.426319428178495
0.3100000000000005	0.426319428178495
0.3150000000000004	0.426319428178495
0.3200000000000003	0.426319428178495
0.3250000000000002	0.426319428178495
0.33000000000000007	0.426319428178495
0.33499999999999996	0.426319428178495
0.33999999999999986	0.426319428178495
0.34499999999999975	0.426319428178495
0.35000000000000053	0.426319428178495
0.3550000000000004	0.426319428178495
0.3600000000000003	0.426319428178495
0.3650000000000002	0.426319428178495
0.3700000000000001	0.426319428178495
0.375	0.426319428178495
0.3799999999999999	0.426319428178495
0.3849999999999998	0.426319428178495
0.3899999999999997	0.426319428178495
0.39500000000000046	0.426319428178495
0.40000000000000036	0.426319428178495
0.40500000000000025	0.426319428178495
0.41000000000000014	0.426319428178495
0.41500000000000004	0.426319428178495
0.41999999999999993	0.426319428178495
0.4249999999999998	0.426319428178495
0.4299999999999997	0.426319428178495
0.4350000000000005	0.426319428178495
0.4400000000000004	0.426319428178495
0.4450000000000003	0.426319428178495
0.4500000000000002	0.426319428178495
0.45500000000000007	0.426319428178495
0.45999999999999996	0.426319428178495
0.46499999999999986	0.426319428178495
0.46999999999999975	0.426319428178495
0.47500000000000053	0.426319428178495
0.4800000000000004	0.426319428178495
0.4850000000000003	0.426319428178495
0.4900000000000002	0.426319428178495
0.4950000000000001	0.426319428178495
0.5	0.426319428178495
0.5049999999999999	0.426319428178495
0.5099999999999998	0.426319428178495
0.5149999999999997	0.426319428178495
0.5200000000000005	0.426319428178495
0.5250000000000004	0.426319428178495
0.5300000000000002	0.426319428178495
0.5350000000000001	0.426319428178495
0.54	0.426319428178495
0.5449999999999999	0.426319428178495
0.5499999999999998	0.426319428178495
0.5549999999999997	0.426319428178495
0.5600000000000005	0.426319428178495
0.5650000000000004	0.426319428178495
0.5700000000000003	0.426319428178495
0.5750000000000002	0.426319428178495
0.5800000000000001	0.426319428178495
0.585	0.426319428178495
0.5899999999999999	0.426319428178495
0.5949999999999998	0.426319428178495
0.6000000000000005	0.426319428178495
0.6050000000000004	0.426319428178495
0.6100000000000003	0.426319428178495
0.6150000000000002	0.426319428178495
0.6200000000000001	0.426319428178495
0.625	0.426319428178495
0.6299999999999999	0.426319428178495
0.6349999999999998	0.426319428178495
0.6399999999999997	0.426319428178495
0.6450000000000005	0.426319428178495
0.6500000000000004	0.426319428178495
0.6550000000000002	0.426319428178495
0.6600000000000001	0.426319428178495
0.665	0.426319428178495
0.6699999999999999	0.426319428178495
0.6749999999999998	0.426319428178495
0.6799999999999997	0.426319428178495
0.6850000000000005	0.426319428178495
0.6900000000000004	0.426319428178495
0.6950000000000003	0.426319428178495
0.7000000000000002	0.426319428178495
0.7050000000000001	0.426319428178495
0.71	0.426319428178495
0.7149999999999999	0.426319428178495
0.7199999999999998	0.426319428178495
0.7250000000000005	0.426319428178495
0.7300000000000004	0.426319428178495
0.7350000000000003	0.426319428178495
0.7400000000000002	0.426319428178495
0.7450000000000001	0.426319428178495
0.75	0.426319428178495
0.7549999999999999	0.426319428178495
0.7599999999999998	0.426319428178495
0.7649999999999997	0.426319428178495
0.7700000000000005	0.426319428178495
0.7750000000000004	0.426319428178495
0.7800000000000002	0.426319428178495
0.7850000000000001	0.426319428178495
0.79	0.426319428178495
0.7949999999999999	0.426319428178495
0.7999999999999998	0.426319428178495
0.8049999999999997	0.426319428178495
0.8100000000000005	0.426319428178495
0.8150000000000004	0.426319428178495
0.8200000000000003	0.426319428178495
0.8250000000000002	0.426319428178495
0.8300000000000001	0.426319428178495
0.835	0.426319428178495
0.8399999999999999	0.426319428178495
0.8449999999999998	0.426319428178495
0.8500000000000005	0.426319428178495
0.8550000000000004	0.426319428178495
0.8600000000000003	0.426319428178495
0.8650000000000002	0.426319428178495
0.8700000000000001	0.426319428178495
0.875	0.426319428178495
0.8799999999999999	0.426319428178495
0.8849999999999998	0.426319428178495
0.8899999999999997	0.426319428178495
0.8950000000000005	0.426319428178495
0.9000000000000004	0.426319428178495
0.9050000000000002	0.426319428178495
0.9100000000000001	0.426319428178495
0.915	0.426319428178495
0.9199999999999999	0.426319428178495
0.9249999999999998	0.426319428178495
0.9299999999999997	0.426319428178495
0.9350000000000005	0.426319428178495
0.9400000000000004	0.426319428178495
0.9450000000000003	0.426319428178495
0.9500000000000002	0.426319428178495
0.9550000000000001	0.426319428178495
0.96	0.426319428178495
0.9649999999999999	0.426319428178495
0.9699999999999998	0.426319428178495
0.9750000000000005	0.426319428178495
0.9800000000000004	0.426319428178495
0.9850000000000003	0.426319428178495
0.9900000000000002	0.426319428178495
0.9950000000000001	0.426319428178495
1.	0.426319428178495
1.005	0.426319428178495
1.0099999999999998	0.426319428178495
1.0150000000000006	0.426319428178495
1.0200000000000005	0.426319428178495
1.0250000000000004	0.426319428178495
1.0300000000000002	0.426319428178495
1.0350000000000001	0.426319428178495
1.04	0.426319428178495
1.045	0.426319428178495
1.0499999999999998	0.426319428178495
1.0549999999999997	0.426319428178495
1.0600000000000005	0.426319428178495
1.0650000000000004	0.426319428178495
1.0700000000000003	0.426319428178495
1.0750000000000002	0.426319428178495
1.08	0.426319428178495
1.085	0.426319428178495
1.0899999999999999	0.426319428178495
1.0949999999999998	0.426319428178495
1.1000000000000005	0.426319428178495
1.1050000000000004	0.426319428178495
1.1100000000000003	0.426319428178495
1.1150000000000002	0.426319428178495
1.12	0.426319428178495
1.125	0.426319428178495
1.13	0.426319428178495
1.1349999999999998	0.426319428178495
1.1400000000000006	0.426319428178495
1.1450000000000005	0.426319428178495
1.1500000000000004	0.426319428178495
1.1550000000000002	0.426319428178495
1.1600000000000001	0.426319428178495
1.165	0.426319428178495
1.17	0.426319428178495
1.1749999999999998	0.426319428178495
1.1799999999999997	0.426319428178495
1.1850000000000005	0.426319428178495
1.1900000000000004	0.426319428178495
1.1950000000000003	0.426319428178495
1.2000000000000002	0.426319428178495
1.205	0.426319428178495
1.21	0.426319428178495
1.2149999999999999	0.426319428178495
1.2199999999999998	0.426319428178495
1.2250000000000005	0.426319428178495
1.2300000000000004	0.426319428178495
1.2350000000000003	0.426319428178495
1.2400000000000002	0.426319428178495
1.245	0.426319428178495
1.25	0.426319428178495
1.255	0.426319428178495
1.2599999999999998	0.426319428178495
1.2650000000000006	0.426319428178495
1.2700000000000005	0.426319428178495
1.2750000000000004	0.426319428178495
1.2800000000000002	0.426319428178495
1.2850000000000001	0.426319428178495
1.29	0.426319428178495
1.295	0.426319428178495
1.2999999999999998	0.426319428178495
1.3049999999999997	0.426319428178495
1.3100000000000005	0.426319428178495
1.3150000000000004	0.426319428178495
1.3200000000000003	0.426319428178495
1.3250000000000002	0.426319428178495
1.33	0.426319428178495
1.335	0.426319428178495
1.3399999999999999	0.426319428178495
1.3449999999999998	0.426319428178495
1.3500000000000005	0.426319428178495
1.3550000000000004	0.426319428178495
1.3600000000000003	0.426319428178495
1.3650000000000002	0.426319428178495
1.37	0.426319428178495
1.375	0.426319428178495
1.38	0.426319428178495
1.3849999999999998	0.426319428178495
1.3900000000000006	0.426319428178495
1.3950000000000005	0.426319428178495
1.4000000000000004	0.426319428178495
1.4050000000000002	0.426319428178495
1.4100000000000001	0.426319428178495
1.415	0.426319428178495
1.42	0.426319428178495
1.4249999999999998	0.426319428178495
1.4299999999999997	0.426319428178495
1.4350000000000005	0.426319428178495
1.4400000000000004	0.426319428178495
1.4450000000000003	0.426319428178495
1.4500000000000002	0.426319428178495
1.455	0.426319428178495
1.46	0.426319428178495
1.4649999999999999	0.426319428178495
1.4699999999999998	0.426319428178495
1.4750000000000005	0.426319428178495
1.4800000000000004	0.426319428178495
1.4850000000000003	0.426319428178495
1.4900000000000002	0.426319428178495
1.495	0.426319428178495
1.5	0.426319428178495
1.505	0.426319428178495
1.5099999999999998	0.426319428178495
1.5150000000000006	0.426319428178495
1.5200000000000005	0.426319428178495
1.5250000000000004	0.426319428178495
1.5300000000000002	0.426319428178495
1.5350000000000001	0.426319428178495
1.54	0.426319428178495
1.545	0.426319428178495
1.5499999999999998	0.426319428178495
1.5549999999999997	0.426319428178495
1.5600000000000005	0.426319428178495
1.5650000000000004	0.426319428178495
1.5700000000000003	0.426319428178495
1.5750000000000002	0.426319428178495
1.58	0.426319428178495
1.585	0.426319428178495
1.5899999999999999	0.426319428178495
1.5949999999999998	0.426319428178495
1.6000000000000005	0.426319428178495
1.6050000000000004	0.426319428178495
1.6100000000000003	0.426319428178495
1.6150000000000002	0.426319428178495
1.62	0.426319428178495
1.625	0.426319428178495
1.63	0.426319428178495
1.6349999999999998	0.426319428178495
1.6400000000000006	0.426319428178495
1.6450000000000005	0.426319428178495
1.6500000000000004	0.426319428178495
1.6550000000000002	0.426319428178495
1.6600000000000001	0.426319428178495
1.665	0.426319428178495
1.67	0.426319428178495
1.6749999999999998	0.426319428178495
1.6799999999999997	0.426319428178495
1.6850000000000005	0.426319428178495
1.6900000000000004	0.426319428178495
1.6950000000000003	0.426319428178495
1.7000000000000002	0.426319428178495
1.705	0.426319428178495
1.71	0.426319428178495
1.7149999999999999	0.426319428178495
1.7199999999999998	0.426319428178495
1.7250000000000005	0.426319428178495
1.7300000000000004	0.426319428178495
1.7350000000000003	0.426319428178495
1.7400000000000002	0.426319428178495
1.745	0.426319428178495
1.75	0.426319428178495
1.755	0.426319428178495
1.7599999999999998	0.426319428178495
1.7650000000000006	0.426319428178495
1.7700000000000005	0.426319428178495
1.7750000000000004	0.426319428178495
1.7800000000000002	0.426319428178495
1.7850000000000001	0.426319428178495
1.79	0.426319428178495
1.795	0.426319428178495
1.7999999999999998	0.426319428178495
1.8049999999999997	0.426319428178495
1.8100000000000005	0.426319428178495
1.8150000000000004	0.426319428178495
1.8200000000000003	0.426319428178495
1.8250000000000002	0.426319428178495
1.83	0.426319428178495
1.835	0.426319428178495
1.8399999999999999	0.426319428178495
1.8449999999999998	0.426319428178495
1.8500000000000005	0.426319428178495
1.8550000000000004	0.265573711705307
1.8600000000000003	0.265573711705307
1.8650000000000002	0.265573711705307
1.87	0.265573711705307
1.875	0.265573711705307
1.88	0.265573711705307
1.8849999999999998	0.265573711705307
1.8900000000000006	0.265573711705307
1.8950000000000005	0.265573711705307
1.9000000000000004	0.265573711705307
1.9050000000000002	0.265573711705307
1.9100000000000001	0.265573711705307
1.915	0.265573711705307
1.92	0.265573711705307
1.9249999999999998	0.265573711705307
1.9299999999999997	0.265573711705307
1.9350000000000005	0.265573711705307
1.9400000000000004	0.265573711705307
1.9450000000000003	0.265573711705307
1.9500000000000002	0.265573711705307
1.955	0.265573711705307
1.96	0.265573711705307
1.9649999999999999	0.265573711705307
1.9699999999999998	0.265573711705307
1.9750000000000005	0.265573711705307
1.9800000000000004	0.265573711705307
1.9850000000000003	0.265573711705307
1.9900000000000002	0.265573711705307
1.995	0.265573711705307
2.	0.265573711705307
2.005	0.265573711705307
2.01	0.265573711705307
2.0150000000000006	0.265573711705307
2.0200000000000005	0.265573711705307
2.0250000000000004	0.265573711705307
2.0300000000000002	0.265573711705307
2.035	0.265573711705307
2.04	0.265573711705307
2.045	0.265573711705307
2.05	0.265573711705307
2.0549999999999997	0.265573711705307
2.0600000000000005	0.265573711705307
2.0650000000000004	0.265573711705307
2.0700000000000003	0.265573711705307
2.075	0.265573711705307
2.08	0.265573711705307
2.085	0.265573711705307
2.09	0.265573711705307
2.0949999999999998	0.265573711705307
2.1000000000000005	0.265573711705307
2.1050000000000004	0.265573711705307
2.1100000000000003	0.265573711705307
2.115	0.265573711705307
2.12	0.265573711705307
2.125	0.265573711705307
2.13	0.265573711705307
2.135	0.265573711705307
2.1400000000000006	0.265573711705307
2.1450000000000005	0.265573711705307
2.1500000000000004	0.265573711705307
2.1550000000000002	0.265573711705307
2.16	0.265573711705307
2.165	0.265573711705307
2.17	0.265573711705307
2.175	0.265573711705307
2.1799999999999997	0.265573711705307
2.1850000000000005	0.265573711705307
2.1900000000000004	0.265573711705307
2.1950000000000003	0.265573711705307
2.2	0.265573711705307
2.205	0.265573711705307
2.21	0.265573711705307
2.215	0.265573711705307
2.2199999999999998	0.265573711705307
2.2250000000000005	0.265573711705307
2.2300000000000004	0.265573711705307
2.2350000000000003	0.265573711705307
2.24	0.265573711705307
2.245	0.265573711705307
2.25	0.265573711705307
2.255	0.265573711705307
2.26	0.265573711705307
2.2650000000000006	0.265573711705307
2.2700000000000005	0.265573711705307
2.2750000000000004	0.265573711705307
2.2800000000000002	0.265573711705307
2.285	0.265573711705307
2.29	0.265573711705307
2.295	0.265573711705307
2.3	0.265573711705307
2.3049999999999997	0.265573711705307
2.3100000000000005	0.265573711705307
2.3150000000000004	0.265573711705307
2.3200000000000003	0.265573711705307
2.325	0.265573711705307
2.33	0.265573711705307
2.335	0.265573711705307
2.34	0.265573711705307
2.3449999999999998	0.265573711705307
2.3500000000000005	0.265573711705307
2.3550000000000004	0.265573711705307
2.3600000000000003	0.265573711705307
2.365	0.265573711705307
2.37	0.265573711705307
2.375	0.265573711705307
2.38	0.265573711705307
2.385	0.265573711705307
2.3900000000000006	0.265573711705307
2.3950000000000005	0.265573711705307
2.4000000000000004	0.265573711705307
2.4050000000000002	0.265573711705307
2.41	0.265573711705307
2.415	0.265573711705307
2.42	0.265573711705307
2.425	0.265573711705307
2.4299999999999997	0.265573711705307
2.4350000000000005	0.265573711705307
2.4400000000000004	0.265573711705307
2.4450000000000003	0.265573711705307
2.45	0.265573711705307
2.455	0.265573711705307
2.46	0.265573711705307
2.465	0.265573711705307
2.4699999999999998	0.265573711705307
2.4750000000000005	0.265573711705307
2.4800000000000004	0.265573711705307
2.4850000000000003	0.265573711705307
2.49	0.265573711705307
2.495	0.265573711705307
2.5	0.265573711705307
2.505	0.265573711705307
2.51	0.265573711705307
2.5150000000000006	0.265573711705307
2.5200000000000005	0.265573711705307
2.5250000000000004	0.265573711705307
2.5300000000000002	0.265573711705307
2.535	0.265573711705307
2.54	0.265573711705307
2.545	0.265573711705307
2.55	0.265573711705307
2.5549999999999997	0.265573711705307
2.5600000000000005	0.265573711705307
2.5650000000000004	0.265573711705307
2.5700000000000003	0.265573711705307
2.575	0.265573711705307
2.58	0.265573711705307
2.585	0.265573711705307
2.59	0.265573711705307
2.5949999999999998	0.265573711705307
2.6000000000000005	0.265573711705307
2.6050000000000004	0.265573711705307
2.6100000000000003	0.265573711705307
2.615	0.265573711705307
2.62	0.265573711705307
2.625	0.265573711705307
2.63	0.265573711705307
2.635	0.265573711705307
2.6400000000000006	0.265573711705307
2.6450000000000005	0.265573711705307
2.6500000000000004	0.265573711705307
2.6550000000000002	0.265573711705307
2.66	0.265573711705307
2.665	0.265573711705307
2.67	0.265573711705307
2.675	0.265573711705307
2.6799999999999997	0.265573711705307
2.6850000000000005	0.265573711705307
2.6900000000000004	0.265573711705307
2.6950000000000003	0.265573711705307
2.7	0.265573711705307
2.705	0.265573711705307
2.71	0.265573711705307
2.715	0.265573711705307
2.7199999999999998	0.265573711705307
2.7250000000000005	0.265573711705307
2.7300000000000004	0.265573711705307
2.7350000000000003	0.265573711705307
2.74	0.265573711705307
2.745	0.265573711705307
2.75	0.265573711705307
2.755	0.265573711705307
2.76	0.265573711705307
2.7650000000000006	0.265573711705307
2.7700000000000005	0.265573711705307
2.7750000000000004	0.265573711705307
2.7800000000000002	0.265573711705307
2.785	0.265573711705307
2.79	0.265573711705307
2.795	0.265573711705307
2.8	0.265573711705307
2.8050000000000006	0.265573711705307
2.8100000000000005	0.265573711705307
2.8150000000000004	0.265573711705307
2.8200000000000003	0.265573711705307
2.825	0.265573711705307
2.83	0.265573711705307
2.835	0.265573711705307
2.84	0.265573711705307
2.8449999999999998	0.265573711705307
2.8500000000000005	0.265573711705307
2.8550000000000004	0.265573711705307
2.8600000000000003	0.265573711705307
2.865	0.265573711705307
2.87	0.265573711705307
2.875	0.265573711705307
2.88	0.265573711705307
2.885	0.265573711705307
2.8900000000000006	0.265573711705307
2.8950000000000005	0.265573711705307
2.9000000000000004	0.265573711705307
2.9050000000000002	0.265573711705307
2.91	0.265573711705307
2.915	0.265573711705307
2.92	0.265573711705307
2.925	0.265573711705307
2.9300000000000006	0.265573711705307
2.9350000000000005	0.265573711705307
2.9400000000000004	0.265573711705307
2.9450000000000003	0.265573711705307
2.95	0.265573711705307
2.955	0.265573711705307
2.96	0.265573711705307
2.965	0.265573711705307
2.9699999999999998	0.265573711705307
2.9750000000000005	0.265573711705307
2.9800000000000004	0.265573711705307
2.9850000000000003	0.265573711705307
2.99	0.265573711705307
2.995	0.265573711705307
3.	0.265573711705307
3.005000000000001	0.265573711705307
3.01	0.265573711705307
3.0150000000000006	0.265573711705307
3.0199999999999996	0.265573711705307
3.0250000000000004	0.265573711705307
3.0299999999999994	0.265573711705307
3.035	0.265573711705307
3.040000000000001	0.265573711705307
3.045	0.265573711705307
3.0500000000000007	0.265573711705307
3.0549999999999997	0.265573711705307
3.0600000000000005	0.265573711705307
3.0649999999999995	0.265573711705307
3.0700000000000003	0.265573711705307
3.0749999999999993	0.265573711705307
3.08	0.265573711705307
3.085000000000001	0.265573711705307
3.09	0.265573711705307
3.0950000000000006	0.265573711705307
3.0999999999999996	0.265573711705307
3.1050000000000004	0.265573711705307
3.1099999999999994	0.265573711705307
3.115	0.265573711705307
3.120000000000001	0.265573711705307
3.125	0.265573711705307
3.130000000000001	0.265573711705307
3.135	0.265573711705307
3.1400000000000006	0.265573711705307
3.1449999999999996	0.265573711705307
3.1500000000000004	0.265573711705307
3.1549999999999994	0.265573711705307
3.16	0.265573711705307
3.165000000000001	0.265573711705307
3.17	0.265573711705307
3.1750000000000007	0.265573711705307
3.1799999999999997	0.265573711705307
3.1850000000000005	0.265573711705307
3.1899999999999995	0.265573711705307
3.1950000000000003	0.265573711705307
3.1999999999999993	0.265573711705307
3.205	0.265573711705307
3.210000000000001	0.265573711705307
3.215	0.265573711705307
3.2200000000000006	0.265573711705307
3.2249999999999996	0.265573711705307
3.2300000000000004	0.265573711705307
3.2349999999999994	0.265573711705307
3.24	0.265573711705307
3.245000000000001	0.265573711705307
3.25	0.265573711705307
3.255000000000001	0.265573711705307
3.26	0.265573711705307
3.2650000000000006	0.265573711705307
3.2699999999999996	0.265573711705307
3.2750000000000004	0.265573711705307
3.2799999999999994	0.265573711705307
3.285	0.265573711705307
3.290000000000001	0.265573711705307
3.295	0.265573711705307
3.3000000000000007	0.265573711705307
3.3049999999999997	0.265573711705307
3.3100000000000005	0.265573711705307
3.3149999999999995	0.265573711705307
3.3200000000000003	0.265573711705307
3.3249999999999993	0.265573711705307
3.33	0.265573711705307
3.335000000000001	0.265573711705307
3.34	0.265573711705307
3.3450000000000006	0.265573711705307
3.3499999999999996	0.265573711705307
3.3550000000000004	0.265573711705307
3.3599999999999994	0.265573711705307
3.365	0.265573711705307
3.370000000000001	0.265573711705307
3.375	0.265573711705307
3.380000000000001	0.265573711705307
3.385	0.265573711705307
3.3900000000000006	0.265573711705307
3.3949999999999996	0.265573711705307
3.4000000000000004	0.265573711705307
3.4049999999999994	0.265573711705307
3.41	0.265573711705307
3.415000000000001	0.265573711705307
3.42	0.265573711705307
3.4250000000000007	0.265573711705307
3.4299999999999997	0.265573711705307
3.4350000000000005	0.265573711705307
3.4399999999999995	0.265573711705307
3.4450000000000003	0.265573711705307
3.4499999999999993	0.265573711705307
3.455	0.265573711705307
3.460000000000001	0.265573711705307
3.465	0.265573711705307
3.4700000000000006	0.265573711705307
3.4749999999999996	0.265573711705307
3.4800000000000004	0.265573711705307
3.4849999999999994	0.265573711705307
3.49	0.265573711705307
3.495000000000001	0.265573711705307
3.5	0.265573711705307
3.505000000000001	0.125
3.51	0.125
3.5150000000000006	0.125
3.5199999999999996	0.125
3.5250000000000004	0.125
3.5299999999999994	0.125
3.535	0.125
3.540000000000001	0.125
3.545	0.125
3.5500000000000007	0.125
3.5549999999999997	0.125
3.5600000000000005	0.125
3.5649999999999995	0.125
3.5700000000000003	0.125
3.575000000000001	0.125
3.58	0.125
3.585000000000001	0.125
3.59	0.125
3.5950000000000006	0.125
3.5999999999999996	0.125
3.6050000000000004	0.125
3.6099999999999994	0.125
3.615	0.125
3.620000000000001	0.125
3.625	0.125
3.630000000000001	0.125
3.635	0.125
3.6400000000000006	0.125
3.6449999999999996	0.125
3.6500000000000004	0.125
3.6549999999999994	0.125
3.66	0.125
3.665000000000001	0.125
3.67	0.125
3.6750000000000007	0.125
3.6799999999999997	0.125
3.6850000000000005	0.125
3.6899999999999995	0.125
3.6950000000000003	0.125
3.700000000000001	0.125
3.705	0.125
3.710000000000001	0.125
3.715	0.125
3.7200000000000006	0.125
3.7249999999999996	0.125
3.7300000000000004	0.125
3.7349999999999994	0.125
3.74	0.125
3.745000000000001	0.125
3.75	0.125
3.755000000000001	0.125
3.76	0.125
3.7650000000000006	0.125
3.7699999999999996	0.125
3.7750000000000004	0.125
3.7799999999999994	0.125
3.785	0.125
3.790000000000001	0.125
3.795	0.125
3.8000000000000007	0.125
3.8049999999999997	0.125
3.8100000000000005	0.125
3.8149999999999995	0.125
3.8200000000000003	0.125
3.825000000000001	0.125
3.83	0.125
3.835000000000001	0.125
3.84	0.125
3.8450000000000006	0.125
3.8499999999999996	0.125
3.8550000000000004	0.125
3.8599999999999994	0.125
3.865	0.125
3.870000000000001	0.125
3.875	0.125
3.880000000000001	0.125
3.885	0.125
3.8900000000000006	0.125
3.8949999999999996	0.125
3.9000000000000004	0.125
3.9049999999999994	0.125
3.91	0.125
3.915000000000001	0.125
3.92	0.125
3.9250000000000007	0.125
3.9299999999999997	0.125
3.9350000000000005	0.125
3.9399999999999995	0.125
3.9450000000000003	0.125
3.950000000000001	0.125
3.955	0.125
3.960000000000001	0.125
3.965	0.125
3.9700000000000006	0.125
3.9749999999999996	0.125
3.9800000000000004	0.125
3.9849999999999994	0.125
3.99	0.125
3.995000000000001	0.125
4.	0.125
4.005000000000001	0.125
4.01	0.125
4.015000000000001	0.125
4.02	0.125
4.025	0.125
4.029999999999999	0.125
4.035	0.125
4.040000000000001	0.125
4.045	0.125
4.050000000000001	0.125
4.055	0.125
4.0600000000000005	0.125
4.0649999999999995	0.125
4.07	0.125
4.075000000000001	0.125
4.08	0.125
4.085000000000001	0.125
4.09	0.125
4.095000000000001	0.125
4.1	0.125
4.105	0.125
4.109999999999999	0.125
4.115	0.125
4.120000000000001	0.125
4.125	0.125
4.130000000000001	0.125
4.135	0.125
4.140000000000001	0.125
4.145	0.125
4.15	0.125
4.154999999999999	0.125
4.16	0.125
4.165000000000001	0.125
4.17	0.125
4.175000000000001	0.125
4.18	0.125
4.1850000000000005	0.125
4.1899999999999995	0.125
4.195	0.125
4.200000000000001	0.125
4.205	0.125
4.210000000000001	0.125
4.215	0.125
4.220000000000001	0.125
4.225	0.125
4.23	0.125
4.234999999999999	0.125
4.24	0.125
4.245000000000001	0.125
4.25	0.125
4.255000000000001	0.125
4.26	0.125
4.265000000000001	0.125
4.27	0.125
4.275	0.125
4.279999999999999	0.125
4.285	0.125
4.290000000000001	0.125
4.295	0.125
4.300000000000001	0.125
4.305	0.125
4.3100000000000005	0.125
4.3149999999999995	0.125
4.32	0.125
4.325000000000001	0.125
4.33	0.125
4.335000000000001	0.125
4.34	0.125
4.345000000000001	0.125
4.35	0.125
4.355	0.125
4.359999999999999	0.125
4.365	0.125
4.370000000000001	0.125
4.375	0.125
4.380000000000001	0.125
4.385	0.125
4.390000000000001	0.125
4.395	0.125
4.4	0.125
4.404999999999999	0.125
4.41	0.125
4.415000000000001	0.125
4.42	0.125
4.425000000000001	0.125
4.43	0.125
4.4350000000000005	0.125
4.4399999999999995	0.125
4.445	0.125
4.450000000000001	0.125
4.455	0.125
4.460000000000001	0.125
4.465	0.125
4.470000000000001	0.125
4.475	0.125
4.48	0.125
4.484999999999999	0.125
4.49	0.125
4.495000000000001	0.125
4.5	0.125
4.505000000000001	0.125
4.51	0.125
4.515000000000001	0.125
4.52	0.125
4.525	0.125
4.529999999999999	0.125
4.535	0.125
4.540000000000001	0.125
4.545	0.125
4.550000000000001	0.125
4.555	0.125
4.5600000000000005	0.125
4.5649999999999995	0.125
4.57	0.125
4.575000000000001	0.125
4.58	0.125
4.585000000000001	0.125
4.59	0.125
4.595000000000001	0.125
4.6	0.125
4.605	0.125
4.609999999999999	0.125
4.615	0.125
4.620000000000001	0.125
4.625	0.125
4.630000000000001	0.125
4.635	0.125
4.640000000000001	0.125
4.645	0.125
4.65	0.125
4.654999999999999	0.125
4.66	0.125
4.665000000000001	0.125
4.67	0.125
4.675000000000001	0.125
4.68	0.125
4.6850000000000005	0.125
4.6899999999999995	0.125
4.695	0.125
4.700000000000001	0.125
4.705	0.125
4.710000000000001	0.125
4.715	0.125
4.720000000000001	0.125
4.725	0.125
4.73	0.125
4.734999999999999	0.125
4.74	0.125
4.745000000000001	0.125
4.75	0.125
4.755000000000001	0.125
4.76	0.125
4.765000000000001	0.125
4.77	0.125
4.775	0.125
4.779999999999999	0.125
4.785	0.125
4.790000000000001	0.125
4.795	0.125
4.800000000000001	0.125
4.805	0.125
4.8100000000000005	0.125
4.8149999999999995	0.125
4.82	0.125
4.825000000000001	0.125
4.83	0.125
4.835000000000001	0.125
4.84	0.125
4.845000000000001	0.125
4.85	0.125
4.855	0.125
4.859999999999999	0.125
4.865	0.125
4.870000000000001	0.125
4.875	0.125
4.880000000000001	0.125
4.885	0.125
4.890000000000001	0.125
4.895	0.125
4.9	0.125
4.904999999999999	0.125
4.91	0.125
4.915000000000001	0.125
4.92	0.125
4.925000000000001	0.125
4.93	0.125
4.9350000000000005	0.125
4.9399999999999995	0.125
4.945	0.125
4.950000000000001	0.125
4.955	0.125
4.960000000000001	0.125
4.965	0.125
4.970000000000001	0.125
4.975	0.125
4.98	0.125
4.984999999999999	0.125
4.99	0.125
4.995000000000001	0.125
5.	0.125