variables = "x" "pressure" 
-5.	1
-4.995	1
-4.99	1
-4.985	1
-4.98	1
-4.975	1
-4.97	1
-4.965	1
-4.96	1
-4.955	1
-4.95	1
-4.945	1
-4.94	1
-4.935	1
-4.93	1
-4.925	1
-4.92	1
-4.915	1
-4.91	1
-4.905	1
-4.9	1
-4.895	1
-4.89	1
-4.885	1
-4.88	1
-4.875	1
-4.87	1
-4.865	1
-4.86	1
-4.855	1
-4.85	1
-4.845	1
-4.84	1
-4.835	1
-4.83	1
-4.825	1
-4.82	1
-4.815	1
-4.81	1
-4.805	1
-4.8	1
-4.795	1
-4.79	1
-4.785	1
-4.78	1
-4.775	1
-4.77	1
-4.765	1
-4.76	1
-4.755	1
-4.75	1
-4.745	1
-4.74	1
-4.735	1
-4.73	1
-4.725	1
-4.72	1
-4.715	1
-4.71	1
-4.705	1
-4.7	1
-4.695	1
-4.69	1
-4.685	1
-4.68	1
-4.675	1
-4.67	1
-4.665	1
-4.66	1
-4.655	1
-4.65	1
-4.645	1
-4.64	1
-4.635	1
-4.63	1
-4.625	1
-4.62	1
-4.615	1
-4.61	1
-4.605	1
-4.6	1
-4.595	1
-4.59	1
-4.585	1
-4.58	1
-4.575	1
-4.57	1
-4.565	1
-4.56	1
-4.555	1
-4.55	1
-4.545	1
-4.54	1
-4.535	1
-4.53	1
-4.525	1
-4.52	1
-4.515	1
-4.51	1
-4.505	1
-4.5	1
-4.495	1
-4.49	1
-4.485	1
-4.48	1
-4.475	1
-4.47	1
-4.465	1
-4.46	1
-4.455	1
-4.45	1
-4.445	1
-4.4399999999999995	1
-4.435	1
-4.43	1
-4.425	1
-4.42	1
-4.415	1
-4.41	1
-4.405	1
-4.4	1
-4.395	1
-4.39	1
-4.385	1
-4.38	1
-4.375	1
-4.37	1
-4.365	1
-4.36	1
-4.355	1
-4.35	1
-4.345	1
-4.34	1
-4.335	1
-4.33	1
-4.325	1
-4.32	1
-4.3149999999999995	1
-4.31	1
-4.305	1
-4.3	1
-4.295	1
-4.29	1
-4.285	1
-4.28	1
-4.275	1
-4.27	1
-4.265	1
-4.26	1
-4.255	1
-4.25	1
-4.245	1
-4.24	1
-4.235	1
-4.23	1
-4.225	1
-4.22	1
-4.215	1
-4.21	1
-4.205	1
-4.2	1
-4.195	1
-4.1899999999999995	1
-4.185	1
-4.18	1
-4.175	1
-4.17	1
-4.165	1
-4.16	1
-4.155	1
-4.15	1
-4.145	1
-4.14	1
-4.135	1
-4.13	1
-4.125	1
-4.12	1
-4.115	1
-4.11	1
-4.105	1
-4.1	1
-4.095	1
-4.09	1
-4.085	1
-4.08	1
-4.075	1
-4.07	1
-4.0649999999999995	1
-4.06	1
-4.055	1
-4.05	1
-4.045	1
-4.04	1
-4.035	1
-4.03	1
-4.025	1
-4.02	1
-4.015	1
-4.01	1
-4.005	1
-4.	1
-3.995	1
-3.99	1
-3.985	1
-3.98	1
-3.975	1
-3.9699999999999998	1
-3.965	1
-3.96	1
-3.955	1
-3.95	1
-3.9450000000000003	1
-3.94	1
-3.935	1
-3.9299999999999997	1
-3.925	1
-3.92	1
-3.915	1
-3.91	1
-3.9050000000000002	1
-3.9	1
-3.895	1
-3.8899999999999997	1
-3.885	1
-3.88	1
-3.875	1
-3.87	1
-3.865	1
-3.86	1
-3.855	1
-3.8499999999999996	1
-3.8449999999999998	1
-3.84	1
-3.835	1
-3.83	1
-3.825	1
-3.8200000000000003	1
-3.815	1
-3.81	1
-3.8049999999999997	1
-3.8	1
-3.795	1
-3.79	1
-3.785	1
-3.7800000000000002	1
-3.775	1
-3.77	1
-3.7649999999999997	1
-3.76	1
-3.755	1
-3.75	1
-3.745	1
-3.74	1
-3.735	1
-3.73	1
-3.7249999999999996	1
-3.7199999999999998	1
-3.715	1
-3.71	1
-3.705	1
-3.7	1
-3.6950000000000003	1
-3.69	1
-3.685	1
-3.6799999999999997	1
-3.675	1
-3.67	1
-3.665	1
-3.66	1
-3.6550000000000002	1
-3.65	1
-3.645	1
-3.6399999999999997	1
-3.635	1
-3.63	1
-3.625	1
-3.62	1
-3.615	1
-3.61	1
-3.605	1
-3.5999999999999996	1
-3.5949999999999998	1
-3.59	1
-3.585	1
-3.58	1
-3.575	1
-3.5700000000000003	1
-3.565	1
-3.56	1
-3.5549999999999997	1
-3.55	1
-3.545	1
-3.54	1
-3.535	1
-3.5300000000000002	1
-3.525	1
-3.52	1
-3.5149999999999997	1
-3.51	1
-3.505	1
-3.5	1
-3.495	1
-3.49	1
-3.485	1
-3.48	1
-3.4749999999999996	1
-3.4699999999999998	1
-3.465	1
-3.46	1
-3.455	1
-3.45	1
-3.4450000000000003	1
-3.44	1
-3.435	1
-3.4299999999999997	1
-3.425	1
-3.42	1
-3.415	1
-3.41	1
-3.4050000000000002	1
-3.4	1
-3.395	1
-3.3899999999999997	1
-3.385	1
-3.38	1
-3.375	1
-3.37	1
-3.365	1
-3.36	1
-3.355	1
-3.3499999999999996	1
-3.3449999999999998	1
-3.34	1
-3.335	1
-3.33	1
-3.325	1
-3.3200000000000003	1
-3.315	1
-3.31	1
-3.3049999999999997	1
-3.3	1
-3.295	1
-3.29	1
-3.285	1
-3.2800000000000002	1
-3.275	1
-3.27	1
-3.2649999999999997	1
-3.26	1
-3.255	1
-3.25	1
-3.245	1
-3.24	1
-3.235	1
-3.23	1
-3.2249999999999996	1
-3.2199999999999998	1
-3.215	1
-3.21	1
-3.205	1
-3.2	1
-3.1950000000000003	1
-3.19	1
-3.185	1
-3.1799999999999997	1
-3.175	1
-3.17	1
-3.165	1
-3.16	1
-3.1550000000000002	1
-3.15	1
-3.145	1
-3.1399999999999997	1
-3.135	1
-3.13	1
-3.125	1
-3.12	1
-3.115	1
-3.11	1
-3.105	1
-3.0999999999999996	1
-3.0949999999999998	1
-3.09	1
-3.085	1
-3.08	1
-3.075	1
-3.0700000000000003	1
-3.065	1
-3.06	1
-3.0549999999999997	1
-3.05	1
-3.045	1
-3.04	1
-3.035	1
-3.0300000000000002	1
-3.025	1
-3.02	1
-3.0149999999999997	1
-3.01	1
-3.005	1
-3.	1
-2.995	1
-2.9899999999999998	1
-2.985	1
-2.98	1
-2.975	1
-2.9699999999999998	1
-2.965	1
-2.96	1
-2.955	1
-2.95	1
-2.945	1
-2.94	1
-2.935	1
-2.93	1
-2.925	1
-2.92	1
-2.915	1
-2.91	1
-2.905	1
-2.9	1
-2.895	1
-2.89	1
-2.885	1
-2.88	1
-2.875	1
-2.87	1
-2.8649999999999998	1
-2.86	1
-2.855	1
-2.85	1
-2.8449999999999998	1
-2.84	1
-2.835	1
-2.83	1
-2.8249999999999997	1
-2.82	1
-2.815	1
-2.81	1
-2.805	1
-2.8	1
-2.795	1
-2.79	1
-2.785	1
-2.78	1
-2.775	1
-2.77	1
-2.765	1
-2.76	1
-2.755	1
-2.75	1
-2.745	1
-2.7399999999999998	1
-2.735	1
-2.73	1
-2.725	1
-2.7199999999999998	1
-2.715	1
-2.71	1
-2.705	1
-2.6999999999999997	1
-2.695	1
-2.69	1
-2.685	1
-2.68	1
-2.675	1
-2.67	1
-2.665	1
-2.66	1
-2.655	1
-2.65	1
-2.645	1
-2.64	1
-2.635	1
-2.63	1
-2.625	1
-2.62	1
-2.6149999999999998	1
-2.61	1
-2.605	1
-2.6	1
-2.5949999999999998	1
-2.59	1
-2.585	1
-2.58	1
-2.5749999999999997	1
-2.57	1
-2.565	1
-2.56	1
-2.555	1
-2.55	1
-2.545	1
-2.54	1
-2.535	1
-2.53	1
-2.525	1
-2.52	1
-2.515	1
-2.51	1
-2.505	1
-2.5	1
-2.495	1
-2.4899999999999998	1
-2.485	1
-2.48	1
-2.475	1
-2.4699999999999998	1
-2.465	1
-2.46	1
-2.455	1
-2.4499999999999997	1
-2.445	1
-2.44	1
-2.435	1
-2.43	1
-2.425	1
-2.42	1
-2.415	1
-2.41	1
-2.405	1
-2.4	1
-2.395	1
-2.39	1
-2.385	1
-2.38	1
-2.375	1
-2.37	1
-2.3649999999999998	0.9992942707974375
-2.36	0.9968333300812929
-2.355	0.9943775859134518
-2.35	0.9919270291464586
-2.3449999999999998	0.9894816506457396
-2.34	0.9870414412895977
-2.335	0.9846063919691902
-2.33	0.9821764935885232
-2.3249999999999997	0.9797517370644327
-2.32	0.9773321133265765
-2.315	0.9749176133174124
-2.31	0.9725082279921916
-2.305	0.9701039483189462
-2.3	0.9677047652784644
-2.295	0.9653106698642945
-2.29	0.9629216530827108
-2.285	0.9605377059527251
-2.28	0.9581588195060454
-2.275	0.9557849847870861
-2.27	0.9534161928529371
-2.265	0.9510524347733668
-2.26	0.948693701630789
-2.255	0.9463399845202698
-2.25	0.9439912745494977
-2.245	0.9416475628387796
-2.2399999999999998	0.9393088405210276
-2.235	0.9369750987417353
-2.23	0.9346463286589791
-2.225	0.9323225214433933
-2.2199999999999998	0.930003668278165
-2.215	0.9276897603590094
-2.21	0.9253807888941711
-2.205	0.9230767451043986
-2.1999999999999997	0.9207776202229403
-2.195	0.918483405495519
-2.19	0.9161940921803335
-2.185	0.9139096715480348
-2.18	0.9116301348817136
-2.175	0.9093554734768952
-2.17	0.9070856786415114
-2.165	0.904820741695906
-2.16	0.9025606539728032
-2.155	0.9003054068173095
-2.15	0.8980549915868856
-2.145	0.8958093996513508
-2.14	0.8935686223928513
-2.135	0.8913326512058636
-2.13	0.8891014774971651
-2.125	0.8868750926858368
-2.12	0.8846534882032394
-2.1149999999999998	0.8824366554930014
-2.11	0.8802245860110121
-2.105	0.878017271225401
-2.1	0.8758147026165294
-2.0949999999999998	0.8736168716769729
-2.09	0.871423769911515
-2.085	0.8692353888371274
-2.08	0.8670517199829603
-2.0749999999999997	0.8648727548903261
-2.07	0.8626984851126928
-2.065	0.8605289022156641
-2.06	0.8583639977769681
-2.055	0.8562037633864474
-2.05	0.8540481906460399
-2.045	0.851897271169776
-2.04	0.8497509965837523
-2.035	0.8476093585261295
-2.03	0.8454723486471113
-2.025	0.8433399586089416
-2.02	0.8412121800858787
-2.015	0.8390890047641928
-2.01	0.8369704243421453
-2.005	0.8348564305299838
-2.	0.8327470150499227
-1.995	0.8306421696361309
-1.9899999999999998	0.8285418860347218
-1.9849999999999999	0.8264461560037399
-1.98	0.8243549713131457
-1.975	0.8222683237448024
-1.9699999999999998	0.8201862050924659
-1.9649999999999999	0.8181086071617716
-1.96	0.8160355217702189
-1.955	0.8139669407471589
-1.9499999999999997	0.8119028559337832
-1.9449999999999998	0.8098432591831124
-1.94	0.807788142359977
-1.935	0.8057374973410119
-1.9299999999999997	0.8036913160146363
-1.9249999999999998	0.8016495902810513
-1.92	0.7996123120522142
-1.915	0.7975794732518356
-1.9100000000000001	0.795551065815361
-1.9049999999999998	0.7935270816899607
-1.9	0.7915075128345181
-1.895	0.7894923512196139
-1.8900000000000001	0.7874815888275131
-1.8849999999999998	0.7854752176521552
-1.88	0.7834732296991419
-1.875	0.7814756169857185
-1.87	0.7794823715407685
-1.8649999999999998	0.7774934854047937
-1.8599999999999999	0.7755089506299114
-1.855	0.7735287592798296
-1.85	0.7715529034298437
-1.8449999999999998	0.769581375166817
-1.8399999999999999	0.7676141665891775
-1.835	0.7656512698068929
-1.83	0.763692676941468
-1.8249999999999997	0.7617383801259259
-1.8199999999999998	0.7597883715047986
-1.815	0.7578426432341159
-1.81	0.755901187481386
-1.8049999999999997	0.7539639964255898
-1.7999999999999998	0.7520310622571663
-1.795	0.7501023771779988
-1.79	0.7481779334014014
-1.7850000000000001	0.7462577231521094
-1.7799999999999998	0.7443417386662664
-1.775	0.7424299721914096
-1.77	0.7405224159864571
-1.7650000000000001	0.7386190623216977
-1.7599999999999998	0.7367199034787799
-1.755	0.7348249317506904
-1.75	0.7329341394417549
-1.745	0.7310475188676123
-1.7399999999999998	0.7291650623552154
-1.7349999999999999	0.7272867622428055
-1.73	0.7254126108799094
-1.725	0.7235426006273201
-1.7199999999999998	0.7216767238570939
-1.7149999999999999	0.7198149729525255
-1.71	0.7179573403081455
-1.705	0.7161038183297024
-1.6999999999999997	0.7142543994341528
-1.6949999999999998	0.7124090760496511
-1.69	0.710567840615528
-1.685	0.7087306855822908
-1.6799999999999997	0.7068976034116008
-1.6749999999999998	0.7050685865762678
-1.67	0.7032436275602313
-1.665	0.7014227188585536
-1.6600000000000001	0.6996058529774047
-1.6549999999999998	0.6977930224340527
-1.65	0.695984219756846
-1.645	0.6941794374852069
-1.6400000000000001	0.6923786681696167
-1.6349999999999998	0.6905819043716012
-1.63	0.6887891386637254
-1.625	0.6870003636295692
-1.62	0.6852155718637325
-1.6149999999999998	0.683434755971803
-1.6099999999999999	0.681657908570361
-1.605	0.6798850222869556
-1.6	0.6781160897600992
-1.5949999999999998	0.6763511036392517
-1.5899999999999999	0.6745900565848117
-1.585	0.6728329412680991
-1.58	0.671079750371348
-1.5749999999999997	0.6693304765876924
-1.5699999999999998	0.6675851126211518
-1.565	0.6658436511866259
-1.56	0.6641060850098706
-1.5549999999999997	0.6623724068275028
-1.5499999999999998	0.6606426093869686
-1.545	0.6589166854465482
-1.54	0.657194627775333
-1.5350000000000001	0.6554764291532201
-1.5299999999999998	0.6537620823708925
-1.525	0.6520515802298172
-1.52	0.6503449155422235
-1.5150000000000001	0.6486420811310972
-1.5099999999999998	0.6469430698301664
-1.505	0.6452478744838867
-1.5	0.6435564879474373
-1.495	0.6418689030866976
-1.4899999999999998	0.6401851127782465
-1.4849999999999999	0.6385051099093392
-1.48	0.6368288873779058
-1.475	0.6351564380925317
-1.4699999999999998	0.6334877549724517
-1.4649999999999999	0.6318228309475287
-1.46	0.6301616589582534
-1.455	0.6285042319557245
-1.4499999999999997	0.6268505429016374
-1.4449999999999998	0.6252005847682764
-1.44	0.6235543505384963
-1.435	0.6219118332057197
-1.4299999999999997	0.6202730257739137
-1.4249999999999998	0.6186379212575882
-1.42	0.6170065126817773
-1.415	0.6153787930820309
-1.4100000000000001	0.6137547555043996
-1.4049999999999998	0.6121343930054289
-1.4	0.6105176986521377
-1.395	0.608904665522017
-1.3900000000000001	0.6072952867030113
-1.3849999999999998	0.605689555293506
-1.38	0.6040874644023235
-1.375	0.6024890071487011
-1.37	0.6008941766622864
-1.3649999999999998	0.5993029660831212
-1.3599999999999999	0.5977153685616341
-1.355	0.5961313772586248
-1.35	0.594550985345254
-1.3449999999999998	0.5929741860030301
-1.3399999999999999	0.5914009724238012
-1.335	0.5898313378097395
-1.33	0.5882652753733297
-1.3249999999999997	0.5867027783373607
-1.3199999999999998	0.5851438399349085
-1.315	0.5835884534093324
-1.31	0.5820366120142537
-1.3049999999999997	0.5804883090135509
-1.2999999999999998	0.5789435376813462
-1.295	0.5774022913019933
-1.29	0.5758645631700643
-1.2850000000000001	0.574330346590342
-1.2799999999999998	0.5727996348778033
-1.275	0.5712724213576128
-1.27	0.5697486993651075
-1.2650000000000001	0.5682284622457848
-1.2599999999999998	0.5667117033552933
-1.255	0.565198416059421
-1.25	0.563688593734082
-1.245	0.5621822297653046
-1.2399999999999998	0.5606793175492218
-1.2349999999999999	0.5591798504920598
-1.23	0.5576838220101241
-1.225	0.5561912255297886
-1.2199999999999998	0.5547020544874854
-1.2149999999999999	0.5532163023296939
-1.21	0.5517339625129251
-1.205	0.5502550285037151
-1.1999999999999997	0.5487794937786087
-1.1949999999999998	0.5473073518241549
-1.19	0.5458385961368865
-1.185	0.5443732202233159
-1.1799999999999997	0.542911217599918
-1.1749999999999998	0.5414525817931262
-1.17	0.5399973063393118
-1.165	0.5385453847847793
-1.1600000000000001	0.5370968106857517
-1.1549999999999998	0.5356515776083601
-1.15	0.534209679128634
-1.145	0.5327711088324856
-1.1400000000000001	0.5313358603157025
-1.1349999999999998	0.5299039271839324
-1.13	0.5284753030526785
-1.125	0.5270499815472789
-1.12	0.5256279563029019
-1.1149999999999998	0.5242092209645335
-1.1099999999999999	0.522793769186964
-1.105	0.5213815946347774
-1.1	0.5199726909823419
-1.0949999999999998	0.5185670519137956
-1.0899999999999999	0.5171646711230377
-1.085	0.5157655423137171
-1.08	0.5143696591992172
-1.0749999999999997	0.5129770155026521
-1.0699999999999998	0.5115876049568465
-1.065	0.5102014213043315
-1.06	0.5088184582973289
-1.0549999999999997	0.507438709697742
-1.0499999999999998	0.5060621692771453
-1.045	0.5046888308167707
-1.04	0.503318688107497
-1.0349999999999997	0.5019517349498395
-1.0299999999999998	0.5005879651539406
-1.025	0.4992273725395515
-1.02	0.4978699509360314
-1.0150000000000001	0.49651569418232594
-1.0099999999999998	0.4951645961269658
-1.005	0.4938166506280462
-1.	0.49247185155322243
-0.9950000000000001	0.49113019277969544
-0.9900000000000002	0.4897916681942034
-0.9850000000000003	0.4884562716930062
-0.9799999999999995	0.48712399718187865
-0.9749999999999996	0.48579483857609757
-0.9699999999999998	0.4844687898004291
-0.9649999999999999	0.4831458447891226
-0.96	0.4818259974858906
-0.9550000000000001	0.480509241843911
-0.9500000000000002	0.4791955718258005
-0.9450000000000003	0.477884981403617
-0.9399999999999995	0.4765774645588385
-0.9349999999999996	0.4752730152823613
-0.9299999999999997	0.4739716275744784
-0.9249999999999998	0.472673295444879
-0.9199999999999999	0.47137801291262926
-0.915	0.4700857740061661
-0.9100000000000001	0.46879657276328485
-0.9050000000000002	0.46751040323112636
-0.9000000000000004	0.466227259466171
-0.8949999999999996	0.464947135534219
-0.8899999999999997	0.4636700255103923
-0.8849999999999998	0.4623959234791088
-0.8799999999999999	0.4611248235340835
-0.875	0.45985671977831055
-0.8700000000000001	0.4585916063240567
-0.8650000000000002	0.4573294772928445
-0.8600000000000003	0.4560703268154493
-0.8549999999999995	0.45481414903188083
-0.8499999999999996	0.45356093809137743
-0.8449999999999998	0.4523106881523931
-0.8399999999999999	0.451063393382585
-0.835	0.44981904795880806
-0.8300000000000001	0.44857764606709627
-0.8250000000000002	0.4473391819026599
-0.8200000000000003	0.4461036496698663
-0.8149999999999995	0.4448710435822375
-0.8099999999999996	0.4436413578624328
-0.8049999999999997	0.442414586742243
-0.7999999999999998	0.44119072446257296
-0.7949999999999999	0.43996976527343895
-0.79	0.438751703433952
-0.7850000000000001	0.43753653321230823
-0.7800000000000002	0.4363242488857802
-0.7750000000000004	0.4351148447407024
-0.7699999999999996	0.43390831507246636
-0.7649999999999997	0.43270465418550214
-0.7599999999999998	0.43150385639327477
-0.7549999999999999	0.4303059160182687
-0.75	0.4291108273919797
-0.7450000000000001	0.4279185848549016
-0.7400000000000002	0.4267291827565201
-0.7350000000000003	0.4255426154552952
-0.7299999999999995	0.42435887731865796
-0.7249999999999996	0.42317796272299485
-0.7199999999999998	0.421999866053637
-0.7149999999999999	0.4208245817048546
-0.71	0.41965210407983916
-0.7050000000000001	0.4184824275906982
-0.7000000000000002	0.4173155466584412
-0.6950000000000003	0.41615145571297246
-0.6899999999999995	0.41499014919307714
-0.6849999999999996	0.41383162154641256
-0.6799999999999997	0.4126758672294956
-0.6749999999999998	0.41152288070769577
-0.6699999999999999	0.41037265645522103
-0.665	0.40922518895510784
-0.6600000000000001	0.40808047269921277
-0.6550000000000002	0.40693850218819877
-0.6499999999999995	0.40579927193152704
-0.6449999999999996	0.4046627764474463
-0.6399999999999997	0.4035290102629808
-0.6349999999999998	0.40239796791391935
-0.6299999999999999	0.40126964394480924
-0.625	0.4001440329089391
-0.6200000000000001	0.39902112936833384
-0.6150000000000002	0.3979009278937403
-0.6100000000000003	0.3967834230646206
-0.6049999999999995	0.3956686094691385
-0.5999999999999996	0.39455648170414914
-0.5949999999999998	0.3934470343751903
-0.5899999999999999	0.3923402620964715
-0.585	0.39123615949086255
-0.5800000000000001	0.39013472118988285
-0.5750000000000002	0.389035941833693
-0.5700000000000003	0.3879398160710812
-0.5649999999999995	0.386846338559458
-0.5599999999999996	0.3857555039648392
-0.5549999999999997	0.3846673069618402
-0.5499999999999998	0.38358174223366526
-0.5449999999999999	0.38249880447209406
-0.54	0.38141848837747494
-0.5350000000000001	0.3803407886587117
-0.5300000000000002	0.379265700033255
-0.5249999999999995	0.3781932172270923
-0.5199999999999996	0.3771233349747359
-0.5149999999999997	0.37605604801921194
-0.5099999999999998	0.37499135111205506
-0.5049999999999999	0.37392923901329095
-0.5	0.3728697064914318
-0.4950000000000001	0.37181274832346234
-0.4900000000000002	0.37075835929483164
-0.4850000000000003	0.36970653419944327
-0.47999999999999954	0.36865726783964187
-0.47499999999999964	0.36761055502620593
-0.46999999999999975	0.3665663905783371
-0.46499999999999986	0.36552476932364897
-0.45999999999999996	0.3644856860981561
-0.45500000000000007	0.3634491357462667
-0.4500000000000002	0.3624151131207682
-0.4450000000000003	0.3613836130828229
-0.4399999999999995	0.36035463050195093
-0.4349999999999996	0.35932816025602476
-0.4299999999999997	0.35830419723125884
-0.4249999999999998	0.35728273632219487
-0.41999999999999993	0.3562637724316987
-0.41500000000000004	0.35524730047094366
-0.41000000000000014	0.35423331535940406
-0.40500000000000025	0.3532218120248449
-0.39999999999999947	0.35221278540331014
-0.3949999999999996	0.3512062304391121
-0.3899999999999997	0.3502021420848257
-0.3849999999999998	0.3492005153012722
-0.3799999999999999	0.34820134505751377
-0.375	0.3472046263308406
-0.3700000000000001	0.3462103541067624
-0.3650000000000002	0.3452185233789991
-0.3600000000000003	0.34422912914946646
-0.35499999999999954	0.34324216642827193
-0.34999999999999964	0.3422576302337
-0.34499999999999975	0.3412755155922055
-0.33999999999999986	0.34029581753839877
-0.33499999999999996	0.3393185311150423
-0.33000000000000007	0.3383436513730338
-0.3250000000000002	0.3373711733714029
-0.3200000000000003	0.3364010921772947
-0.3149999999999995	0.33543340286596435
-0.3099999999999996	0.33446810052076525
-0.3049999999999997	0.3335051802331383
-0.2999999999999998	0.33254463710260523
-0.29499999999999993	0.3315864662367529
-0.29000000000000004	0.3306306627512298
-0.28500000000000014	0.3296772217697312
-0.28000000000000025	0.3287261384239928
-0.27499999999999947	0.3277774078537754
-0.2699999999999996	0.3268310252068639
-0.2649999999999997	0.32588698563904683
-0.2599999999999998	0.3249452843141153
-0.2549999999999999	0.32400591640384707
-0.25	0.3230688770880004
-0.2450000000000001	0.3221341615543025
-0.2400000000000002	0.32120176499843894
-0.23500000000000032	0.3202716826240469
-0.22999999999999954	0.31934390964269954
-0.22499999999999964	0.31841844127390473
-0.21999999999999975	0.31749527274508516
-0.21499999999999986	0.3165743992915776
-0.20999999999999996	0.3156558161566148
-0.20500000000000007	0.3147395185913253
-0.20000000000000018	0.31382550185471275
-0.19500000000000028	0.3129137612136554
-0.1899999999999995	0.3120042919428901
-0.1849999999999996	0.31109708932500585
-0.17999999999999972	0.3101921486504332
-0.17499999999999982	0.309289465217433
-0.16999999999999993	0.30838903433208953
-0.16500000000000004	0.3074908513082978
-0.16000000000000014	0.30659491146775636
-0.15500000000000025	0.3057012101399547
-0.14999999999999947	0.3048097426621662
-0.14499999999999957	0.30392050437943696
-0.13999999999999968	0.30313017805064674
-0.1349999999999998	0.30313017805064674
-0.1299999999999999	0.30313017805064674
-0.125	0.30313017805064674
-0.1200000000000001	0.30313017805064674
-0.11500000000000021	0.30313017805064674
-0.11000000000000032	0.30313017805064674
-0.10499999999999954	0.30313017805064674
-0.09999999999999964	0.30313017805064674
-0.09499999999999975	0.30313017805064674
-0.08999999999999986	0.30313017805064674
-0.08499999999999996	0.30313017805064674
-0.08000000000000007	0.30313017805064674
-0.07500000000000018	0.30313017805064674
-0.07000000000000028	0.30313017805064674
-0.0649999999999995	0.30313017805064674
-0.05999999999999961	0.30313017805064674
-0.054999999999999716	0.30313017805064674
-0.04999999999999982	0.30313017805064674
-0.04499999999999993	0.30313017805064674
-0.040000000000000036	0.30313017805064674
-0.03500000000000014	0.30313017805064674
-0.03000000000000025	0.30313017805064674
-0.024999999999999467	0.30313017805064674
-0.019999999999999574	0.30313017805064674
-0.01499999999999968	0.30313017805064674
-0.009999999999999787	0.30313017805064674
-0.004999999999999893	0.30313017805064674
0.	0.30313017805064674
0.004999999999999893	0.30313017805064674
0.009999999999999787	0.30313017805064674
0.01499999999999968	0.30313017805064674
0.020000000000000462	0.30313017805064674
0.025000000000000355	0.30313017805064674
0.03000000000000025	0.30313017805064674
0.03500000000000014	0.30313017805064674
0.040000000000000036	0.30313017805064674
0.04499999999999993	0.30313017805064674
0.04999999999999982	0.30313017805064674
0.054999999999999716	0.30313017805064674
0.0600000000000005	0.30313017805064674
0.06500000000000039	0.30313017805064674
0.07000000000000028	0.30313017805064674
0.07500000000000018	0.30313017805064674
0.08000000000000007	0.30313017805064674
0.08499999999999996	0.30313017805064674
0.08999999999999986	0.30313017805064674
0.09499999999999975	0.30313017805064674
0.10000000000000053	0.30313017805064674
0.10500000000000043	0.30313017805064674
0.11000000000000032	0.30313017805064674
0.11500000000000021	0.30313017805064674
0.1200000000000001	0.30313017805064674
0.125	0.30313017805064674
0.1299999999999999	0.30313017805064674
0.1349999999999998	0.30313017805064674
0.13999999999999968	0.30313017805064674
0.14500000000000046	0.30313017805064674
0.15000000000000036	0.30313017805064674
0.15500000000000025	0.30313017805064674
0.16000000000000014	0.30313017805064674
0.16500000000000004	0.30313017805064674
0.16999999999999993	0.30313017805064674
0.17499999999999982	0.30313017805064674
0.17999999999999972	0.30313017805064674
0.1850000000000005	0.30313017805064674
0.1900000000000004	0.30313017805064674
0.19500000000000028	0.30313017805064674
0.20000000000000018	0.30313017805064674
0.20500000000000007	0.30313017805064674
0.20999999999999996	0.30313017805064674
0.21499999999999986	0.30313017805064674
0.21999999999999975	0.30313017805064674
0.22500000000000053	0.30313017805064674
0.23000000000000043	0.30313017805064674
0.23500000000000032	0.30313017805064674
0.2400000000000002	0.30313017805064674
0.2450000000000001	0.30313017805064674
0.25	0.30313017805064674
0.2549999999999999	0.30313017805064674
0.2599999999999998	0.30313017805064674
0.2649999999999997	0.30313017805064674
0.27000000000000046	0.30313017805064674
0.27500000000000036	0.30313017805064674
0.28000000000000025	0.30313017805064674
0.28500000000000014	0.30313017805064674
0.29000000000000004	0.30313017805064674
0.29499999999999993	0.30313017805064674
0.2999999999999998	0.30313017805064674
0.3049999999999997	0.30313017805064674
0.3100000000000005	0.30313017805064674
0.3150000000000004	0.30313017805064674
0.3200000000000003	0.30313017805064674
0.3250000000000002	0.30313017805064674
0.33000000000000007	0.30313017805064674
0.33499999999999996	0.30313017805064674
0.33999999999999986	0.30313017805064674
0.34499999999999975	0.30313017805064674
0.35000000000000053	0.30313017805064674
0.3550000000000004	0.30313017805064674
0.3600000000000003	0.30313017805064674
0.3650000000000002	0.30313017805064674
0.3700000000000001	0.30313017805064674
0.375	0.30313017805064674
0.3799999999999999	0.30313017805064674
0.3849999999999998	0.30313017805064674
0.3899999999999997	0.30313017805064674
0.39500000000000046	0.30313017805064674
0.40000000000000036	0.30313017805064674
0.40500000000000025	0.30313017805064674
0.41000000000000014	0.30313017805064674
0.41500000000000004	0.30313017805064674
0.41999999999999993	0.30313017805064674
0.4249999999999998	0.30313017805064674
0.4299999999999997	0.30313017805064674
0.4350000000000005	0.30313017805064674
0.4400000000000004	0.30313017805064674
0.4450000000000003	0.30313017805064674
0.4500000000000002	0.30313017805064674
0.45500000000000007	0.30313017805064674
0.45999999999999996	0.30313017805064674
0.46499999999999986	0.30313017805064674
0.46999999999999975	0.30313017805064674
0.47500000000000053	0.30313017805064674
0.4800000000000004	0.30313017805064674
0.4850000000000003	0.30313017805064674
0.4900000000000002	0.30313017805064674
0.4950000000000001	0.30313017805064674
0.5	0.30313017805064674
0.5049999999999999	0.30313017805064674
0.5099999999999998	0.30313017805064674
0.5149999999999997	0.30313017805064674
0.5200000000000005	0.30313017805064674
0.5250000000000004	0.30313017805064674
0.5300000000000002	0.30313017805064674
0.5350000000000001	0.30313017805064674
0.54	0.30313017805064674
0.5449999999999999	0.30313017805064674
0.5499999999999998	0.30313017805064674
0.5549999999999997	0.30313017805064674
0.5600000000000005	0.30313017805064674
0.5650000000000004	0.30313017805064674
0.5700000000000003	0.30313017805064674
0.5750000000000002	0.30313017805064674
0.5800000000000001	0.30313017805064674
0.585	0.30313017805064674
0.5899999999999999	0.30313017805064674
0.5949999999999998	0.30313017805064674
0.6000000000000005	0.30313017805064674
0.6050000000000004	0.30313017805064674
0.6100000000000003	0.30313017805064674
0.6150000000000002	0.30313017805064674
0.6200000000000001	0.30313017805064674
0.625	0.30313017805064674
0.6299999999999999	0.30313017805064674
0.6349999999999998	0.30313017805064674
0.6399999999999997	0.30313017805064674
0.6450000000000005	0.30313017805064674
0.6500000000000004	0.30313017805064674
0.6550000000000002	0.30313017805064674
0.6600000000000001	0.30313017805064674
0.665	0.30313017805064674
0.6699999999999999	0.30313017805064674
0.6749999999999998	0.30313017805064674
0.6799999999999997	0.30313017805064674
0.6850000000000005	0.30313017805064674
0.6900000000000004	0.30313017805064674
0.6950000000000003	0.30313017805064674
0.7000000000000002	0.30313017805064674
0.7050000000000001	0.30313017805064674
0.71	0.30313017805064674
0.7149999999999999	0.30313017805064674
0.7199999999999998	0.30313017805064674
0.7250000000000005	0.30313017805064674
0.7300000000000004	0.30313017805064674
0.7350000000000003	0.30313017805064674
0.7400000000000002	0.30313017805064674
0.7450000000000001	0.30313017805064674
0.75	0.30313017805064674
0.7549999999999999	0.30313017805064674
0.7599999999999998	0.30313017805064674
0.7649999999999997	0.30313017805064674
0.7700000000000005	0.30313017805064674
0.7750000000000004	0.30313017805064674
0.7800000000000002	0.30313017805064674
0.7850000000000001	0.30313017805064674
0.79	0.30313017805064674
0.7949999999999999	0.30313017805064674
0.7999999999999998	0.30313017805064674
0.8049999999999997	0.30313017805064674
0.8100000000000005	0.30313017805064674
0.8150000000000004	0.30313017805064674
0.8200000000000003	0.30313017805064674
0.8250000000000002	0.30313017805064674
0.8300000000000001	0.30313017805064674
0.835	0.30313017805064674
0.8399999999999999	0.30313017805064674
0.8449999999999998	0.30313017805064674
0.8500000000000005	0.30313017805064674
0.8550000000000004	0.30313017805064674
0.8600000000000003	0.30313017805064674
0.8650000000000002	0.30313017805064674
0.8700000000000001	0.30313017805064674
0.875	0.30313017805064674
0.8799999999999999	0.30313017805064674
0.8849999999999998	0.30313017805064674
0.8899999999999997	0.30313017805064674
0.8950000000000005	0.30313017805064674
0.9000000000000004	0.30313017805064674
0.9050000000000002	0.30313017805064674
0.9100000000000001	0.30313017805064674
0.915	0.30313017805064674
0.9199999999999999	0.30313017805064674
0.9249999999999998	0.30313017805064674
0.9299999999999997	0.30313017805064674
0.9350000000000005	0.30313017805064674
0.9400000000000004	0.30313017805064674
0.9450000000000003	0.30313017805064674
0.9500000000000002	0.30313017805064674
0.9550000000000001	0.30313017805064674
0.96	0.30313017805064674
0.9649999999999999	0.30313017805064674
0.9699999999999998	0.30313017805064674
0.9750000000000005	0.30313017805064674
0.9800000000000004	0.30313017805064674
0.9850000000000003	0.30313017805064674
0.9900000000000002	0.30313017805064674
0.9950000000000001	0.30313017805064674
1.	0.30313017805064674
1.005	0.30313017805064674
1.0099999999999998	0.30313017805064674
1.0150000000000006	0.30313017805064674
1.0200000000000005	0.30313017805064674
1.0250000000000004	0.30313017805064674
1.0300000000000002	0.30313017805064674
1.0350000000000001	0.30313017805064674
1.04	0.30313017805064674
1.045	0.30313017805064674
1.0499999999999998	0.30313017805064674
1.0549999999999997	0.30313017805064674
1.0600000000000005	0.30313017805064674
1.0650000000000004	0.30313017805064674
1.0700000000000003	0.30313017805064674
1.0750000000000002	0.30313017805064674
1.08	0.30313017805064674
1.085	0.30313017805064674
1.0899999999999999	0.30313017805064674
1.0949999999999998	0.30313017805064674
1.1000000000000005	0.30313017805064674
1.1050000000000004	0.30313017805064674
1.1100000000000003	0.30313017805064674
1.1150000000000002	0.30313017805064674
1.12	0.30313017805064674
1.125	0.30313017805064674
1.13	0.30313017805064674
1.1349999999999998	0.30313017805064674
1.1400000000000006	0.30313017805064674
1.1450000000000005	0.30313017805064674
1.1500000000000004	0.30313017805064674
1.1550000000000002	0.30313017805064674
1.1600000000000001	0.30313017805064674
1.165	0.30313017805064674
1.17	0.30313017805064674
1.1749999999999998	0.30313017805064674
1.1799999999999997	0.30313017805064674
1.1850000000000005	0.30313017805064674
1.1900000000000004	0.30313017805064674
1.1950000000000003	0.30313017805064674
1.2000000000000002	0.30313017805064674
1.205	0.30313017805064674
1.21	0.30313017805064674
1.2149999999999999	0.30313017805064674
1.2199999999999998	0.30313017805064674
1.2250000000000005	0.30313017805064674
1.2300000000000004	0.30313017805064674
1.2350000000000003	0.30313017805064674
1.2400000000000002	0.30313017805064674
1.245	0.30313017805064674
1.25	0.30313017805064674
1.255	0.30313017805064674
1.2599999999999998	0.30313017805064674
1.2650000000000006	0.30313017805064674
1.2700000000000005	0.30313017805064674
1.2750000000000004	0.30313017805064674
1.2800000000000002	0.30313017805064674
1.2850000000000001	0.30313017805064674
1.29	0.30313017805064674
1.295	0.30313017805064674
1.2999999999999998	0.30313017805064674
1.3049999999999997	0.30313017805064674
1.3100000000000005	0.30313017805064674
1.3150000000000004	0.30313017805064674
1.3200000000000003	0.30313017805064674
1.3250000000000002	0.30313017805064674
1.33	0.30313017805064674
1.335	0.30313017805064674
1.3399999999999999	0.30313017805064674
1.3449999999999998	0.30313017805064674
1.3500000000000005	0.30313017805064674
1.3550000000000004	0.30313017805064674
1.3600000000000003	0.30313017805064674
1.3650000000000002	0.30313017805064674
1.37	0.30313017805064674
1.375	0.30313017805064674
1.38	0.30313017805064674
1.3849999999999998	0.30313017805064674
1.3900000000000006	0.30313017805064674
1.3950000000000005	0.30313017805064674
1.4000000000000004	0.30313017805064674
1.4050000000000002	0.30313017805064674
1.4100000000000001	0.30313017805064674
1.415	0.30313017805064674
1.42	0.30313017805064674
1.4249999999999998	0.30313017805064674
1.4299999999999997	0.30313017805064674
1.4350000000000005	0.30313017805064674
1.4400000000000004	0.30313017805064674
1.4450000000000003	0.30313017805064674
1.4500000000000002	0.30313017805064674
1.455	0.30313017805064674
1.46	0.30313017805064674
1.4649999999999999	0.30313017805064674
1.4699999999999998	0.30313017805064674
1.4750000000000005	0.30313017805064674
1.4800000000000004	0.30313017805064674
1.4850000000000003	0.30313017805064674
1.4900000000000002	0.30313017805064674
1.495	0.30313017805064674
1.5	0.30313017805064674
1.505	0.30313017805064674
1.5099999999999998	0.30313017805064674
1.5150000000000006	0.30313017805064674
1.5200000000000005	0.30313017805064674
1.5250000000000004	0.30313017805064674
1.5300000000000002	0.30313017805064674
1.5350000000000001	0.30313017805064674
1.54	0.30313017805064674
1.545	0.30313017805064674
1.5499999999999998	0.30313017805064674
1.5549999999999997	0.30313017805064674
1.5600000000000005	0.30313017805064674
1.5650000000000004	0.30313017805064674
1.5700000000000003	0.30313017805064674
1.5750000000000002	0.30313017805064674
1.58	0.30313017805064674
1.585	0.30313017805064674
1.5899999999999999	0.30313017805064674
1.5949999999999998	0.30313017805064674
1.6000000000000005	0.30313017805064674
1.6050000000000004	0.30313017805064674
1.6100000000000003	0.30313017805064674
1.6150000000000002	0.30313017805064674
1.62	0.30313017805064674
1.625	0.30313017805064674
1.63	0.30313017805064674
1.6349999999999998	0.30313017805064674
1.6400000000000006	0.30313017805064674
1.6450000000000005	0.30313017805064674
1.6500000000000004	0.30313017805064674
1.6550000000000002	0.30313017805064674
1.6600000000000001	0.30313017805064674
1.665	0.30313017805064674
1.67	0.30313017805064674
1.6749999999999998	0.30313017805064674
1.6799999999999997	0.30313017805064674
1.6850000000000005	0.30313017805064674
1.6900000000000004	0.30313017805064674
1.6950000000000003	0.30313017805064674
1.7000000000000002	0.30313017805064674
1.705	0.30313017805064674
1.71	0.30313017805064674
1.7149999999999999	0.30313017805064674
1.7199999999999998	0.30313017805064674
1.7250000000000005	0.30313017805064674
1.7300000000000004	0.30313017805064674
1.7350000000000003	0.30313017805064674
1.7400000000000002	0.30313017805064674
1.745	0.30313017805064674
1.75	0.30313017805064674
1.755	0.30313017805064674
1.7599999999999998	0.30313017805064674
1.7650000000000006	0.30313017805064674
1.7700000000000005	0.30313017805064674
1.7750000000000004	0.30313017805064674
1.7800000000000002	0.30313017805064674
1.7850000000000001	0.30313017805064674
1.79	0.30313017805064674
1.795	0.30313017805064674
1.7999999999999998	0.30313017805064674
1.8049999999999997	0.30313017805064674
1.8100000000000005	0.30313017805064674
1.8150000000000004	0.30313017805064674
1.8200000000000003	0.30313017805064674
1.8250000000000002	0.30313017805064674
1.83	0.30313017805064674
1.835	0.30313017805064674
1.8399999999999999	0.30313017805064674
1.8449999999999998	0.30313017805064674
1.8500000000000005	0.30313017805064674
1.8550000000000004	0.30313017805064674
1.8600000000000003	0.30313017805064674
1.8650000000000002	0.30313017805064674
1.87	0.30313017805064674
1.875	0.30313017805064674
1.88	0.30313017805064674
1.8849999999999998	0.30313017805064674
1.8900000000000006	0.30313017805064674
1.8950000000000005	0.30313017805064674
1.9000000000000004	0.30313017805064674
1.9050000000000002	0.30313017805064674
1.9100000000000001	0.30313017805064674
1.915	0.30313017805064674
1.92	0.30313017805064674
1.9249999999999998	0.30313017805064674
1.9299999999999997	0.30313017805064674
1.9350000000000005	0.30313017805064674
1.9400000000000004	0.30313017805064674
1.9450000000000003	0.30313017805064674
1.9500000000000002	0.30313017805064674
1.955	0.30313017805064674
1.96	0.30313017805064674
1.9649999999999999	0.30313017805064674
1.9699999999999998	0.30313017805064674
1.9750000000000005	0.30313017805064674
1.9800000000000004	0.30313017805064674
1.9850000000000003	0.30313017805064674
1.9900000000000002	0.30313017805064674
1.995	0.30313017805064674
2.	0.30313017805064674
2.005	0.30313017805064674
2.01	0.30313017805064674
2.0150000000000006	0.30313017805064674
2.0200000000000005	0.30313017805064674
2.0250000000000004	0.30313017805064674
2.0300000000000002	0.30313017805064674
2.035	0.30313017805064674
2.04	0.30313017805064674
2.045	0.30313017805064674
2.05	0.30313017805064674
2.0549999999999997	0.30313017805064674
2.0600000000000005	0.30313017805064674
2.0650000000000004	0.30313017805064674
2.0700000000000003	0.30313017805064674
2.075	0.30313017805064674
2.08	0.30313017805064674
2.085	0.30313017805064674
2.09	0.30313017805064674
2.0949999999999998	0.30313017805064674
2.1000000000000005	0.30313017805064674
2.1050000000000004	0.30313017805064674
2.1100000000000003	0.30313017805064674
2.115	0.30313017805064674
2.12	0.30313017805064674
2.125	0.30313017805064674
2.13	0.30313017805064674
2.135	0.30313017805064674
2.1400000000000006	0.30313017805064674
2.1450000000000005	0.30313017805064674
2.1500000000000004	0.30313017805064674
2.1550000000000002	0.30313017805064674
2.16	0.30313017805064674
2.165	0.30313017805064674
2.17	0.30313017805064674
2.175	0.30313017805064674
2.1799999999999997	0.30313017805064674
2.1850000000000005	0.30313017805064674
2.1900000000000004	0.30313017805064674
2.1950000000000003	0.30313017805064674
2.2	0.30313017805064674
2.205	0.30313017805064674
2.21	0.30313017805064674
2.215	0.30313017805064674
2.2199999999999998	0.30313017805064674
2.2250000000000005	0.30313017805064674
2.2300000000000004	0.30313017805064674
2.2350000000000003	0.30313017805064674
2.24	0.30313017805064674
2.245	0.30313017805064674
2.25	0.30313017805064674
2.255	0.30313017805064674
2.26	0.30313017805064674
2.2650000000000006	0.30313017805064674
2.2700000000000005	0.30313017805064674
2.2750000000000004	0.30313017805064674
2.2800000000000002	0.30313017805064674
2.285	0.30313017805064674
2.29	0.30313017805064674
2.295	0.30313017805064674
2.3	0.30313017805064674
2.3049999999999997	0.30313017805064674
2.3100000000000005	0.30313017805064674
2.3150000000000004	0.30313017805064674
2.3200000000000003	0.30313017805064674
2.325	0.30313017805064674
2.33	0.30313017805064674
2.335	0.30313017805064674
2.34	0.30313017805064674
2.3449999999999998	0.30313017805064674
2.3500000000000005	0.30313017805064674
2.3550000000000004	0.30313017805064674
2.3600000000000003	0.30313017805064674
2.365	0.30313017805064674
2.37	0.30313017805064674
2.375	0.30313017805064674
2.38	0.30313017805064674
2.385	0.30313017805064674
2.3900000000000006	0.30313017805064674
2.3950000000000005	0.30313017805064674
2.4000000000000004	0.30313017805064674
2.4050000000000002	0.30313017805064674
2.41	0.30313017805064674
2.415	0.30313017805064674
2.42	0.30313017805064674
2.425	0.30313017805064674
2.4299999999999997	0.30313017805064674
2.4350000000000005	0.30313017805064674
2.4400000000000004	0.30313017805064674
2.4450000000000003	0.30313017805064674
2.45	0.30313017805064674
2.455	0.30313017805064674
2.46	0.30313017805064674
2.465	0.30313017805064674
2.4699999999999998	0.30313017805064674
2.4750000000000005	0.30313017805064674
2.4800000000000004	0.30313017805064674
2.4850000000000003	0.30313017805064674
2.49	0.30313017805064674
2.495	0.30313017805064674
2.5	0.30313017805064674
2.505	0.30313017805064674
2.51	0.30313017805064674
2.5150000000000006	0.30313017805064674
2.5200000000000005	0.30313017805064674
2.5250000000000004	0.30313017805064674
2.5300000000000002	0.30313017805064674
2.535	0.30313017805064674
2.54	0.30313017805064674
2.545	0.30313017805064674
2.55	0.30313017805064674
2.5549999999999997	0.30313017805064674
2.5600000000000005	0.30313017805064674
2.5650000000000004	0.30313017805064674
2.5700000000000003	0.30313017805064674
2.575	0.30313017805064674
2.58	0.30313017805064674
2.585	0.30313017805064674
2.59	0.30313017805064674
2.5949999999999998	0.30313017805064674
2.6000000000000005	0.30313017805064674
2.6050000000000004	0.30313017805064674
2.6100000000000003	0.30313017805064674
2.615	0.30313017805064674
2.62	0.30313017805064674
2.625	0.30313017805064674
2.63	0.30313017805064674
2.635	0.30313017805064674
2.6400000000000006	0.30313017805064674
2.6450000000000005	0.30313017805064674
2.6500000000000004	0.30313017805064674
2.6550000000000002	0.30313017805064674
2.66	0.30313017805064674
2.665	0.30313017805064674
2.67	0.30313017805064674
2.675	0.30313017805064674
2.6799999999999997	0.30313017805064674
2.6850000000000005	0.30313017805064674
2.6900000000000004	0.30313017805064674
2.6950000000000003	0.30313017805064674
2.7	0.30313017805064674
2.705	0.30313017805064674
2.71	0.30313017805064674
2.715	0.30313017805064674
2.7199999999999998	0.30313017805064674
2.7250000000000005	0.30313017805064674
2.7300000000000004	0.30313017805064674
2.7350000000000003	0.30313017805064674
2.74	0.30313017805064674
2.745	0.30313017805064674
2.75	0.30313017805064674
2.755	0.30313017805064674
2.76	0.30313017805064674
2.7650000000000006	0.30313017805064674
2.7700000000000005	0.30313017805064674
2.7750000000000004	0.30313017805064674
2.7800000000000002	0.30313017805064674
2.785	0.30313017805064674
2.79	0.30313017805064674
2.795	0.30313017805064674
2.8	0.30313017805064674
2.8050000000000006	0.30313017805064674
2.8100000000000005	0.30313017805064674
2.8150000000000004	0.30313017805064674
2.8200000000000003	0.30313017805064674
2.825	0.30313017805064674
2.83	0.30313017805064674
2.835	0.30313017805064674
2.84	0.30313017805064674
2.8449999999999998	0.30313017805064674
2.8500000000000005	0.30313017805064674
2.8550000000000004	0.30313017805064674
2.8600000000000003	0.30313017805064674
2.865	0.30313017805064674
2.87	0.30313017805064674
2.875	0.30313017805064674
2.88	0.30313017805064674
2.885	0.30313017805064674
2.8900000000000006	0.30313017805064674
2.8950000000000005	0.30313017805064674
2.9000000000000004	0.30313017805064674
2.9050000000000002	0.30313017805064674
2.91	0.30313017805064674
2.915	0.30313017805064674
2.92	0.30313017805064674
2.925	0.30313017805064674
2.9300000000000006	0.30313017805064674
2.9350000000000005	0.30313017805064674
2.9400000000000004	0.30313017805064674
2.9450000000000003	0.30313017805064674
2.95	0.30313017805064674
2.955	0.30313017805064674
2.96	0.30313017805064674
2.965	0.30313017805064674
2.9699999999999998	0.30313017805064674
2.9750000000000005	0.30313017805064674
2.9800000000000004	0.30313017805064674
2.9850000000000003	0.30313017805064674
2.99	0.30313017805064674
2.995	0.30313017805064674
3.	0.30313017805064674
3.005000000000001	0.30313017805064674
3.01	0.30313017805064674
3.0150000000000006	0.30313017805064674
3.0199999999999996	0.30313017805064674
3.0250000000000004	0.30313017805064674
3.0299999999999994	0.30313017805064674
3.035	0.30313017805064674
3.040000000000001	0.30313017805064674
3.045	0.30313017805064674
3.0500000000000007	0.30313017805064674
3.0549999999999997	0.30313017805064674
3.0600000000000005	0.30313017805064674
3.0649999999999995	0.30313017805064674
3.0700000000000003	0.30313017805064674
3.0749999999999993	0.30313017805064674
3.08	0.30313017805064674
3.085000000000001	0.30313017805064674
3.09	0.30313017805064674
3.0950000000000006	0.30313017805064674
3.0999999999999996	0.30313017805064674
3.1050000000000004	0.30313017805064674
3.1099999999999994	0.30313017805064674
3.115	0.30313017805064674
3.120000000000001	0.30313017805064674
3.125	0.30313017805064674
3.130000000000001	0.30313017805064674
3.135	0.30313017805064674
3.1400000000000006	0.30313017805064674
3.1449999999999996	0.30313017805064674
3.1500000000000004	0.30313017805064674
3.1549999999999994	0.30313017805064674
3.16	0.30313017805064674
3.165000000000001	0.30313017805064674
3.17	0.30313017805064674
3.1750000000000007	0.30313017805064674
3.1799999999999997	0.30313017805064674
3.1850000000000005	0.30313017805064674
3.1899999999999995	0.30313017805064674
3.1950000000000003	0.30313017805064674
3.1999999999999993	0.30313017805064674
3.205	0.30313017805064674
3.210000000000001	0.30313017805064674
3.215	0.30313017805064674
3.2200000000000006	0.30313017805064674
3.2249999999999996	0.30313017805064674
3.2300000000000004	0.30313017805064674
3.2349999999999994	0.30313017805064674
3.24	0.30313017805064674
3.245000000000001	0.30313017805064674
3.25	0.30313017805064674
3.255000000000001	0.30313017805064674
3.26	0.30313017805064674
3.2650000000000006	0.30313017805064674
3.2699999999999996	0.30313017805064674
3.2750000000000004	0.30313017805064674
3.2799999999999994	0.30313017805064674
3.285	0.30313017805064674
3.290000000000001	0.30313017805064674
3.295	0.30313017805064674
3.3000000000000007	0.30313017805064674
3.3049999999999997	0.30313017805064674
3.3100000000000005	0.30313017805064674
3.3149999999999995	0.30313017805064674
3.3200000000000003	0.30313017805064674
3.3249999999999993	0.30313017805064674
3.33	0.30313017805064674
3.335000000000001	0.30313017805064674
3.34	0.30313017805064674
3.3450000000000006	0.30313017805064674
3.3499999999999996	0.30313017805064674
3.3550000000000004	0.30313017805064674
3.3599999999999994	0.30313017805064674
3.365	0.30313017805064674
3.370000000000001	0.30313017805064674
3.375	0.30313017805064674
3.380000000000001	0.30313017805064674
3.385	0.30313017805064674
3.3900000000000006	0.30313017805064674
3.3949999999999996	0.30313017805064674
3.4000000000000004	0.30313017805064674
3.4049999999999994	0.30313017805064674
3.41	0.30313017805064674
3.415000000000001	0.30313017805064674
3.42	0.30313017805064674
3.4250000000000007	0.30313017805064674
3.4299999999999997	0.30313017805064674
3.4350000000000005	0.30313017805064674
3.4399999999999995	0.30313017805064674
3.4450000000000003	0.30313017805064674
3.4499999999999993	0.30313017805064674
3.455	0.30313017805064674
3.460000000000001	0.30313017805064674
3.465	0.30313017805064674
3.4700000000000006	0.30313017805064674
3.4749999999999996	0.30313017805064674
3.4800000000000004	0.30313017805064674
3.4849999999999994	0.30313017805064674
3.49	0.30313017805064674
3.495000000000001	0.30313017805064674
3.5	0.30313017805064674
3.505000000000001	0.1
3.51	0.1
3.5150000000000006	0.1
3.5199999999999996	0.1
3.5250000000000004	0.1
3.5299999999999994	0.1
3.535	0.1
3.540000000000001	0.1
3.545	0.1
3.5500000000000007	0.1
3.5549999999999997	0.1
3.5600000000000005	0.1
3.5649999999999995	0.1
3.5700000000000003	0.1
3.575000000000001	0.1
3.58	0.1
3.585000000000001	0.1
3.59	0.1
3.5950000000000006	0.1
3.5999999999999996	0.1
3.6050000000000004	0.1
3.6099999999999994	0.1
3.615	0.1
3.620000000000001	0.1
3.625	0.1
3.630000000000001	0.1
3.635	0.1
3.6400000000000006	0.1
3.6449999999999996	0.1
3.6500000000000004	0.1
3.6549999999999994	0.1
3.66	0.1
3.665000000000001	0.1
3.67	0.1
3.6750000000000007	0.1
3.6799999999999997	0.1
3.6850000000000005	0.1
3.6899999999999995	0.1
3.6950000000000003	0.1
3.700000000000001	0.1
3.705	0.1
3.710000000000001	0.1
3.715	0.1
3.7200000000000006	0.1
3.7249999999999996	0.1
3.7300000000000004	0.1
3.7349999999999994	0.1
3.74	0.1
3.745000000000001	0.1
3.75	0.1
3.755000000000001	0.1
3.76	0.1
3.7650000000000006	0.1
3.7699999999999996	0.1
3.7750000000000004	0.1
3.7799999999999994	0.1
3.785	0.1
3.790000000000001	0.1
3.795	0.1
3.8000000000000007	0.1
3.8049999999999997	0.1
3.8100000000000005	0.1
3.8149999999999995	0.1
3.8200000000000003	0.1
3.825000000000001	0.1
3.83	0.1
3.835000000000001	0.1
3.84	0.1
3.8450000000000006	0.1
3.8499999999999996	0.1
3.8550000000000004	0.1
3.8599999999999994	0.1
3.865	0.1
3.870000000000001	0.1
3.875	0.1
3.880000000000001	0.1
3.885	0.1
3.8900000000000006	0.1
3.8949999999999996	0.1
3.9000000000000004	0.1
3.9049999999999994	0.1
3.91	0.1
3.915000000000001	0.1
3.92	0.1
3.9250000000000007	0.1
3.9299999999999997	0.1
3.9350000000000005	0.1
3.9399999999999995	0.1
3.9450000000000003	0.1
3.950000000000001	0.1
3.955	0.1
3.960000000000001	0.1
3.965	0.1
3.9700000000000006	0.1
3.9749999999999996	0.1
3.9800000000000004	0.1
3.9849999999999994	0.1
3.99	0.1
3.995000000000001	0.1
4.	0.1
4.005000000000001	0.1
4.01	0.1
4.015000000000001	0.1
4.02	0.1
4.025	0.1
4.029999999999999	0.1
4.035	0.1
4.040000000000001	0.1
4.045	0.1
4.050000000000001	0.1
4.055	0.1
4.0600000000000005	0.1
4.0649999999999995	0.1
4.07	0.1
4.075000000000001	0.1
4.08	0.1
4.085000000000001	0.1
4.09	0.1
4.095000000000001	0.1
4.1	0.1
4.105	0.1
4.109999999999999	0.1
4.115	0.1
4.120000000000001	0.1
4.125	0.1
4.130000000000001	0.1
4.135	0.1
4.140000000000001	0.1
4.145	0.1
4.15	0.1
4.154999999999999	0.1
4.16	0.1
4.165000000000001	0.1
4.17	0.1
4.175000000000001	0.1
4.18	0.1
4.1850000000000005	0.1
4.1899999999999995	0.1
4.195	0.1
4.200000000000001	0.1
4.205	0.1
4.210000000000001	0.1
4.215	0.1
4.220000000000001	0.1
4.225	0.1
4.23	0.1
4.234999999999999	0.1
4.24	0.1
4.245000000000001	0.1
4.25	0.1
4.255000000000001	0.1
4.26	0.1
4.265000000000001	0.1
4.27	0.1
4.275	0.1
4.279999999999999	0.1
4.285	0.1
4.290000000000001	0.1
4.295	0.1
4.300000000000001	0.1
4.305	0.1
4.3100000000000005	0.1
4.3149999999999995	0.1
4.32	0.1
4.325000000000001	0.1
4.33	0.1
4.335000000000001	0.1
4.34	0.1
4.345000000000001	0.1
4.35	0.1
4.355	0.1
4.359999999999999	0.1
4.365	0.1
4.370000000000001	0.1
4.375	0.1
4.380000000000001	0.1
4.385	0.1
4.390000000000001	0.1
4.395	0.1
4.4	0.1
4.404999999999999	0.1
4.41	0.1
4.415000000000001	0.1
4.42	0.1
4.425000000000001	0.1
4.43	0.1
4.4350000000000005	0.1
4.4399999999999995	0.1
4.445	0.1
4.450000000000001	0.1
4.455	0.1
4.460000000000001	0.1
4.465	0.1
4.470000000000001	0.1
4.475	0.1
4.48	0.1
4.484999999999999	0.1
4.49	0.1
4.495000000000001	0.1
4.5	0.1
4.505000000000001	0.1
4.51	0.1
4.515000000000001	0.1
4.52	0.1
4.525	0.1
4.529999999999999	0.1
4.535	0.1
4.540000000000001	0.1
4.545	0.1
4.550000000000001	0.1
4.555	0.1
4.5600000000000005	0.1
4.5649999999999995	0.1
4.57	0.1
4.575000000000001	0.1
4.58	0.1
4.585000000000001	0.1
4.59	0.1
4.595000000000001	0.1
4.6	0.1
4.605	0.1
4.609999999999999	0.1
4.615	0.1
4.620000000000001	0.1
4.625	0.1
4.630000000000001	0.1
4.635	0.1
4.640000000000001	0.1
4.645	0.1
4.65	0.1
4.654999999999999	0.1
4.66	0.1
4.665000000000001	0.1
4.67	0.1
4.675000000000001	0.1
4.68	0.1
4.6850000000000005	0.1
4.6899999999999995	0.1
4.695	0.1
4.700000000000001	0.1
4.705	0.1
4.710000000000001	0.1
4.715	0.1
4.720000000000001	0.1
4.725	0.1
4.73	0.1
4.734999999999999	0.1
4.74	0.1
4.745000000000001	0.1
4.75	0.1
4.755000000000001	0.1
4.76	0.1
4.765000000000001	0.1
4.77	0.1
4.775	0.1
4.779999999999999	0.1
4.785	0.1
4.790000000000001	0.1
4.795	0.1
4.800000000000001	0.1
4.805	0.1
4.8100000000000005	0.1
4.8149999999999995	0.1
4.82	0.1
4.825000000000001	0.1
4.83	0.1
4.835000000000001	0.1
4.84	0.1
4.845000000000001	0.1
4.85	0.1
4.855	0.1
4.859999999999999	0.1
4.865	0.1
4.870000000000001	0.1
4.875	0.1
4.880000000000001	0.1
4.885	0.1
4.890000000000001	0.1
4.895	0.1
4.9	0.1
4.904999999999999	0.1
4.91	0.1
4.915000000000001	0.1
4.92	0.1
4.925000000000001	0.1
4.93	0.1
4.9350000000000005	0.1
4.9399999999999995	0.1
4.945	0.1
4.950000000000001	0.1
4.955	0.1
4.960000000000001	0.1
4.965	0.1
4.970000000000001	0.1
4.975	0.1
4.98	0.1
4.984999999999999	0.1
4.99	0.1
4.995000000000001	0.1
5.	0.1