variables = "x" "velocity" 
-5.	0
-4.995	0
-4.99	0
-4.985	0
-4.98	0
-4.975	0
-4.97	0
-4.965	0
-4.96	0
-4.955	0
-4.95	0
-4.945	0
-4.94	0
-4.935	0
-4.93	0
-4.925	0
-4.92	0
-4.915	0
-4.91	0
-4.905	0
-4.9	0
-4.895	0
-4.89	0
-4.885	0
-4.88	0
-4.875	0
-4.87	0
-4.865	0
-4.86	0
-4.855	0
-4.85	0
-4.845	0
-4.84	0
-4.835	0
-4.83	0
-4.825	0
-4.82	0
-4.815	0
-4.81	0
-4.805	0
-4.8	0
-4.795	0
-4.79	0
-4.785	0
-4.78	0
-4.775	0
-4.77	0
-4.765	0
-4.76	0
-4.755	0
-4.75	0
-4.745	0
-4.74	0
-4.735	0
-4.73	0
-4.725	0
-4.72	0
-4.715	0
-4.71	0
-4.705	0
-4.7	0
-4.695	0
-4.69	0
-4.685	0
-4.68	0
-4.675	0
-4.67	0
-4.665	0
-4.66	0
-4.655	0
-4.65	0
-4.645	0
-4.64	0
-4.635	0
-4.63	0
-4.625	0
-4.62	0
-4.615	0
-4.61	0
-4.605	0
-4.6	0
-4.595	0
-4.59	0
-4.585	0
-4.58	0
-4.575	0
-4.57	0
-4.565	0
-4.56	0
-4.555	0
-4.55	0
-4.545	0
-4.54	0
-4.535	0
-4.53	0
-4.525	0
-4.52	0
-4.515	0
-4.51	0
-4.505	0
-4.5	0
-4.495	0
-4.49	0
-4.485	0
-4.48	0
-4.475	0
-4.47	0
-4.465	0
-4.46	0
-4.455	0
-4.45	0
-4.445	0
-4.4399999999999995	0
-4.435	0
-4.43	0
-4.425	0
-4.42	0
-4.415	0
-4.41	0
-4.405	0
-4.4	0
-4.395	0
-4.39	0
-4.385	0
-4.38	0
-4.375	0
-4.37	0
-4.365	0
-4.36	0
-4.355	0
-4.35	0
-4.345	0
-4.34	0
-4.335	0
-4.33	0
-4.325	0
-4.32	0
-4.3149999999999995	0
-4.31	0
-4.305	0
-4.3	0
-4.295	0
-4.29	0
-4.285	0
-4.28	0
-4.275	0
-4.27	0
-4.265	0
-4.26	0
-4.255	0
-4.25	0
-4.245	0
-4.24	0
-4.235	0
-4.23	0
-4.225	0
-4.22	0
-4.215	0
-4.21	0
-4.205	0
-4.2	0
-4.195	0
-4.1899999999999995	0
-4.185	0
-4.18	0
-4.175	0
-4.17	0
-4.165	0
-4.16	0
-4.155	0
-4.15	0
-4.145	0
-4.14	0
-4.135	0
-4.13	0
-4.125	0
-4.12	0
-4.115	0
-4.11	0
-4.105	0
-4.1	0
-4.095	0
-4.09	0
-4.085	0
-4.08	0
-4.075	0
-4.07	0
-4.0649999999999995	0
-4.06	0
-4.055	0
-4.05	0
-4.045	0
-4.04	0
-4.035	0
-4.03	0
-4.025	0
-4.02	0
-4.015	0
-4.01	0
-4.005	0
-4.	0
-3.995	0
-3.99	0
-3.985	0
-3.98	0
-3.975	0
-3.9699999999999998	0
-3.965	0
-3.96	0
-3.955	0
-3.95	0
-3.9450000000000003	0
-3.94	0
-3.935	0
-3.9299999999999997	0
-3.925	0
-3.92	0
-3.915	0
-3.91	0
-3.9050000000000002	0
-3.9	0
-3.895	0
-3.8899999999999997	0
-3.885	0
-3.88	0
-3.875	0
-3.87	0
-3.865	0
-3.86	0
-3.855	0
-3.8499999999999996	0
-3.8449999999999998	0
-3.84	0
-3.835	0
-3.83	0
-3.825	0
-3.8200000000000003	0
-3.815	0
-3.81	0
-3.8049999999999997	0
-3.8	0
-3.795	0
-3.79	0
-3.785	0
-3.7800000000000002	0
-3.775	0
-3.77	0
-3.7649999999999997	0
-3.76	0
-3.755	0
-3.75	0
-3.745	0
-3.74	0
-3.735	0
-3.73	0
-3.7249999999999996	0
-3.7199999999999998	0
-3.715	0
-3.71	0
-3.705	0
-3.7	0
-3.6950000000000003	0
-3.69	0
-3.685	0
-3.6799999999999997	0
-3.675	0
-3.67	0
-3.665	0
-3.66	0
-3.6550000000000002	0
-3.65	0
-3.645	0
-3.6399999999999997	0
-3.635	0
-3.63	0
-3.625	0
-3.62	0
-3.615	0
-3.61	0
-3.605	0
-3.5999999999999996	0
-3.5949999999999998	0
-3.59	0
-3.585	0
-3.58	0
-3.575	0
-3.5700000000000003	0
-3.565	0
-3.56	0
-3.5549999999999997	0
-3.55	0
-3.545	0
-3.54	0
-3.535	0
-3.5300000000000002	0
-3.525	0
-3.52	0
-3.5149999999999997	0
-3.51	0
-3.505	0
-3.5	0
-3.495	0
-3.49	0
-3.485	0
-3.48	0
-3.4749999999999996	0
-3.4699999999999998	0
-3.465	0
-3.46	0
-3.455	0
-3.45	0
-3.4450000000000003	0
-3.44	0
-3.435	0
-3.4299999999999997	0
-3.425	0
-3.42	0
-3.415	0
-3.41	0
-3.4050000000000002	0
-3.4	0
-3.395	0
-3.3899999999999997	0
-3.385	0
-3.38	0
-3.375	0
-3.37	0
-3.365	0
-3.36	0
-3.355	0
-3.3499999999999996	0
-3.3449999999999998	0
-3.34	0
-3.335	0
-3.33	0
-3.325	0
-3.3200000000000003	0
-3.315	0
-3.31	0
-3.3049999999999997	0
-3.3	0
-3.295	0
-3.29	0
-3.285	0
-3.2800000000000002	0
-3.275	0
-3.27	0
-3.2649999999999997	0
-3.26	0
-3.255	0
-3.25	0
-3.245	0
-3.24	0
-3.235	0
-3.23	0
-3.2249999999999996	0
-3.2199999999999998	0
-3.215	0
-3.21	0
-3.205	0
-3.2	0
-3.1950000000000003	0
-3.19	0
-3.185	0
-3.1799999999999997	0
-3.175	0
-3.17	0
-3.165	0
-3.16	0
-3.1550000000000002	0
-3.15	0
-3.145	0
-3.1399999999999997	0
-3.135	0
-3.13	0
-3.125	0
-3.12	0
-3.115	0
-3.11	0
-3.105	0
-3.0999999999999996	0
-3.0949999999999998	0
-3.09	0
-3.085	0
-3.08	0
-3.075	0
-3.0700000000000003	0
-3.065	0
-3.06	0
-3.0549999999999997	0
-3.05	0
-3.045	0
-3.04	0
-3.035	0
-3.0300000000000002	0
-3.025	0
-3.02	0
-3.0149999999999997	0
-3.01	0
-3.005	0
-3.	0
-2.995	0
-2.9899999999999998	0
-2.985	0
-2.98	0
-2.975	0
-2.9699999999999998	0
-2.965	0
-2.96	0
-2.955	0
-2.95	0
-2.945	0
-2.94	0
-2.935	0
-2.93	0
-2.925	0
-2.92	0
-2.915	0
-2.91	0
-2.905	0
-2.9	0
-2.895	0
-2.89	0
-2.885	0
-2.88	0
-2.875	0
-2.87	0
-2.8649999999999998	0
-2.86	0
-2.855	0
-2.85	0
-2.8449999999999998	0
-2.84	0
-2.835	0
-2.83	0
-2.8249999999999997	0
-2.82	0
-2.815	0
-2.81	0
-2.805	0
-2.8	0
-2.795	0
-2.79	0
-2.785	0
-2.78	0
-2.775	0
-2.77	0
-2.765	0
-2.76	0
-2.755	0
-2.75	0
-2.745	0
-2.7399999999999998	0
-2.735	0
-2.73	0
-2.725	0
-2.7199999999999998	0
-2.715	0
-2.71	0
-2.705	0
-2.6999999999999997	0
-2.695	0
-2.69	0
-2.685	0
-2.68	0
-2.675	0
-2.67	0
-2.665	0
-2.66	0
-2.655	0
-2.65	0
-2.645	0
-2.64	0
-2.635	0
-2.63	0
-2.625	0
-2.62	0
-2.6149999999999998	0
-2.61	0
-2.605	0
-2.6	0
-2.5949999999999998	0
-2.59	0
-2.585	0
-2.58	0
-2.5749999999999997	0
-2.57	0
-2.565	0
-2.56	0
-2.555	0
-2.55	0
-2.545	0
-2.54	0
-2.535	0
-2.53	0
-2.525	0
-2.52	0
-2.515	0
-2.51	0
-2.505	0
-2.5	0
-2.495	0
-2.4899999999999998	0
-2.485	0
-2.48	0
-2.475	0
-2.4699999999999998	0
-2.465	0
-2.46	0
-2.455	0
-2.4499999999999997	0
-2.445	0
-2.44	0
-2.435	0
-2.43	0
-2.425	0
-2.42	0
-2.415	0
-2.41	0
-2.405	0
-2.4	0
-2.395	0
-2.39	0
-2.385	0
-2.38	0
-2.375	0
-2.37	0
-2.3649999999999998	0.0005966305166027475
-2.36	0.0026799638499361844
-2.355	0.004763297183269399
-2.35	0.006846630516602614
-2.3449999999999998	0.008929963849936051
-2.34	0.011013297183269488
-2.335	0.013096630516602703
-2.33	0.015179963849935918
-2.3249999999999997	0.017263297183269355
-2.32	0.019346630516602792
-2.315	0.021429963849936007
-2.31	0.02351329718326922
-2.305	0.02559663051660266
-2.3	0.027679963849936096
-2.295	0.029763297183269533
-2.29	0.031846630516602525
-2.285	0.03392996384993596
-2.28	0.0360132971832694
-2.275	0.038096630516602836
-2.27	0.04017996384993583
-2.265	0.042263297183269266
-2.26	0.0443466305166027
-2.255	0.04642996384993614
-2.25	0.048513297183269355
-2.245	0.05059663051660257
-2.2399999999999998	0.05267996384993623
-2.235	0.054763297183269444
-2.23	0.05684663051660266
-2.225	0.058929963849935874
-2.2199999999999998	0.06101329718326953
-2.215	0.06309663051660275
-2.21	0.06517996384993596
-2.205	0.06726329718326918
-2.1999999999999997	0.06934663051660284
-2.195	0.07142996384993605
-2.19	0.07351329718326927
-2.185	0.0755966305166027
-2.18	0.07767996384993592
-2.175	0.07976329718326958
-2.17	0.08184663051660257
-2.165	0.083929963849936
-2.16	0.08601329718326922
-2.155	0.08809663051660288
-2.15	0.09017996384993587
-2.145	0.09226329718326931
-2.14	0.09434663051660253
-2.135	0.09642996384993618
-2.13	0.0985132971832694
-2.125	0.10059663051660261
-2.12	0.10267996384993605
-2.1149999999999998	0.10476329718326949
-2.11	0.1068466305166027
-2.105	0.10892996384993592
-2.1	0.11101329718326935
-2.0949999999999998	0.11309663051660279
-2.09	0.115179963849936
-2.085	0.11726329718326922
-2.08	0.11934663051660266
-2.0749999999999997	0.1214299638499361
-2.07	0.12351329718326931
-2.065	0.12559663051660275
-2.06	0.12767996384993596
-2.055	0.1297632971832694
-2.05	0.13184663051660261
-2.045	0.13392996384993605
-2.04	0.13601329718326927
-2.035	0.1380966305166027
-2.03	0.14017996384993592
-2.025	0.14226329718326935
-2.02	0.14434663051660257
-2.015	0.146429963849936
-2.01	0.14851329718326944
-2.005	0.15059663051660266
-2.	0.1526799638499361
-1.995	0.1547632971832693
-1.9899999999999998	0.15684663051660275
-1.9849999999999999	0.15892996384993596
-1.98	0.1610132971832694
-1.975	0.16309663051660261
-1.9699999999999998	0.16517996384993605
-1.9649999999999999	0.16726329718326927
-1.96	0.1693466305166027
-1.955	0.17142996384993592
-1.9499999999999997	0.17351329718326935
-1.9449999999999998	0.1755966305166028
-1.94	0.177679963849936
-1.935	0.17976329718326944
-1.9299999999999997	0.18184663051660266
-1.9249999999999998	0.1839299638499361
-1.92	0.1860132971832693
-1.915	0.18809663051660275
-1.9100000000000001	0.19017996384993596
-1.9049999999999998	0.1922632971832694
-1.9	0.19434663051660261
-1.895	0.19642996384993605
-1.8900000000000001	0.19851329718326927
-1.8849999999999998	0.2005966305166027
-1.88	0.20267996384993614
-1.875	0.20476329718326935
-1.87	0.2068466305166028
-1.8649999999999998	0.208929963849936
-1.8599999999999999	0.21101329718326944
-1.855	0.21309663051660266
-1.85	0.2151799638499361
-1.8449999999999998	0.2172632971832693
-1.8399999999999999	0.21934663051660275
-1.835	0.22142996384993596
-1.83	0.2235132971832694
-1.8249999999999997	0.22559663051660284
-1.8199999999999998	0.22767996384993605
-1.815	0.2297632971832695
-1.81	0.2318466305166027
-1.8049999999999997	0.23392996384993614
-1.7999999999999998	0.23601329718326935
-1.795	0.2380966305166028
-1.79	0.240179963849936
-1.7850000000000001	0.24226329718326922
-1.7799999999999998	0.24434663051660266
-1.775	0.2464299638499361
-1.77	0.2485132971832693
-1.7650000000000001	0.2505966305166025
-1.7599999999999998	0.2526799638499362
-1.755	0.2547632971832694
-1.75	0.25684663051660284
-1.745	0.25892996384993583
-1.7399999999999998	0.2610132971832695
-1.7349999999999999	0.2630966305166027
-1.73	0.26517996384993614
-1.725	0.26726329718326913
-1.7199999999999998	0.2693466305166028
-1.7149999999999999	0.271429963849936
-1.71	0.27351329718326944
-1.705	0.27559663051660266
-1.6999999999999997	0.2776799638499361
-1.6949999999999998	0.27976329718326953
-1.69	0.28184663051660275
-1.685	0.28392996384993596
-1.6799999999999997	0.2860132971832694
-1.6749999999999998	0.28809663051660284
-1.67	0.29017996384993605
-1.665	0.29226329718326927
-1.6600000000000001	0.2943466305166025
-1.6549999999999998	0.29642996384993614
-1.65	0.29851329718326935
-1.645	0.30059663051660257
-1.6400000000000001	0.302679963849936
-1.6349999999999998	0.30476329718326944
-1.63	0.3068466305166029
-1.625	0.3089299638499359
-1.62	0.3110132971832693
-1.6149999999999998	0.31309663051660275
-1.6099999999999999	0.3151799638499362
-1.605	0.3172632971832694
-1.6	0.3193466305166026
-1.5949999999999998	0.32142996384993605
-1.5899999999999999	0.3235132971832695
-1.585	0.3255966305166027
-1.58	0.3276799638499359
-1.5749999999999997	0.3297632971832696
-1.5699999999999998	0.3318466305166028
-1.565	0.33392996384993623
-1.56	0.3360132971832692
-1.5549999999999997	0.3380966305166029
-1.5499999999999998	0.3401799638499361
-1.545	0.3422632971832693
-1.54	0.3443466305166025
-1.5350000000000001	0.34642996384993596
-1.5299999999999998	0.3485132971832694
-1.525	0.35059663051660284
-1.52	0.35267996384993605
-1.5150000000000001	0.35476329718326927
-1.5099999999999998	0.3568466305166029
-1.505	0.3589299638499359
-1.5	0.36101329718326935
-1.495	0.36309663051660257
-1.4899999999999998	0.36517996384993623
-1.4849999999999999	0.36726329718326944
-1.48	0.36934663051660266
-1.475	0.3714299638499359
-1.4699999999999998	0.37351329718326953
-1.4649999999999999	0.37559663051660275
-1.46	0.37767996384993596
-1.455	0.3797632971832694
-1.4499999999999997	0.38184663051660284
-1.4449999999999998	0.3839299638499363
-1.44	0.38601329718326927
-1.435	0.3880966305166027
-1.4299999999999997	0.39017996384993614
-1.4249999999999998	0.39226329718326935
-1.42	0.39434663051660257
-1.415	0.396429963849936
-1.4100000000000001	0.3985132971832692
-1.4049999999999998	0.4005966305166029
-1.4	0.4026799638499361
-1.395	0.4047632971832693
-1.3900000000000001	0.40684663051660275
-1.3849999999999998	0.40892996384993596
-1.38	0.4110132971832694
-1.375	0.4130966305166026
-1.37	0.41517996384993605
-1.3649999999999998	0.4172632971832695
-1.3599999999999999	0.4193466305166027
-1.355	0.4214299638499359
-1.35	0.42351329718326935
-1.3449999999999998	0.4255966305166028
-1.3399999999999999	0.427679963849936
-1.335	0.42976329718326944
-1.33	0.43184663051660266
-1.3249999999999997	0.4339299638499363
-1.3199999999999998	0.4360132971832693
-1.315	0.43809663051660275
-1.31	0.44017996384993596
-1.3049999999999997	0.4422632971832694
-1.2999999999999998	0.4443466305166026
-1.295	0.44642996384993605
-1.29	0.44851329718326927
-1.2850000000000001	0.4505966305166027
-1.2799999999999998	0.45267996384993614
-1.275	0.45476329718326935
-1.27	0.4568466305166028
-1.2650000000000001	0.458929963849936
-1.2599999999999998	0.46101329718326944
-1.255	0.46309663051660266
-1.25	0.4651799638499361
-1.245	0.4672632971832693
-1.2399999999999998	0.46934663051660275
-1.2349999999999999	0.47142996384993596
-1.23	0.4735132971832694
-1.225	0.4755966305166026
-1.2199999999999998	0.47767996384993605
-1.2149999999999999	0.4797632971832695
-1.21	0.4818466305166027
-1.205	0.48392996384993614
-1.1999999999999997	0.48601329718326935
-1.1949999999999998	0.4880966305166028
-1.19	0.490179963849936
-1.185	0.49226329718326944
-1.1799999999999997	0.49434663051660266
-1.1749999999999998	0.4964299638499361
-1.17	0.4985132971832693
-1.165	0.5005966305166027
-1.1600000000000001	0.502679963849936
-1.1549999999999998	0.5047632971832694
-1.15	0.5068466305166028
-1.145	0.508929963849936
-1.1400000000000001	0.5110132971832695
-1.1349999999999998	0.5130966305166027
-1.13	0.5151799638499361
-1.125	0.5172632971832694
-1.12	0.5193466305166026
-1.1149999999999998	0.521429963849936
-1.1099999999999999	0.5235132971832694
-1.105	0.5255966305166027
-1.1	0.5276799638499361
-1.0949999999999998	0.5297632971832695
-1.0899999999999999	0.5318466305166027
-1.085	0.5339299638499362
-1.08	0.5360132971832692
-1.0749999999999997	0.5380966305166028
-1.0699999999999998	0.540179963849936
-1.065	0.5422632971832695
-1.06	0.5443466305166027
-1.0549999999999997	0.5464299638499361
-1.0499999999999998	0.5485132971832694
-1.045	0.5505966305166028
-1.04	0.552679963849936
-1.0349999999999997	0.5547632971832694
-1.0299999999999998	0.5568466305166029
-1.025	0.5589299638499361
-1.02	0.5610132971832695
-1.0150000000000001	0.5630966305166025
-1.0099999999999998	0.5651799638499362
-1.005	0.5672632971832694
-1.	0.5693466305166026
-0.9950000000000001	0.5714299638499358
-0.9900000000000002	0.5735132971832693
-0.9850000000000003	0.5755966305166025
-0.9799999999999995	0.5776799638499361
-0.9749999999999996	0.5797632971832696
-0.9699999999999998	0.5818466305166028
-0.9649999999999999	0.5839299638499362
-0.96	0.5860132971832692
-0.9550000000000001	0.5880966305166027
-0.9500000000000002	0.5901799638499359
-0.9450000000000003	0.5922632971832693
-0.9399999999999995	0.5943466305166027
-0.9349999999999996	0.5964299638499362
-0.9299999999999997	0.5985132971832694
-0.9249999999999998	0.6005966305166028
-0.9199999999999999	0.602679963849936
-0.915	0.6047632971832693
-0.9100000000000001	0.6068466305166027
-0.9050000000000002	0.6089299638499359
-0.9000000000000004	0.6110132971832694
-0.8949999999999996	0.6130966305166028
-0.8899999999999997	0.6151799638499362
-0.8849999999999998	0.6172632971832694
-0.8799999999999999	0.6193466305166027
-0.875	0.6214299638499359
-0.8700000000000001	0.6235132971832693
-0.8650000000000002	0.6255966305166025
-0.8600000000000003	0.627679963849936
-0.8549999999999995	0.6297632971832696
-0.8499999999999996	0.6318466305166028
-0.8449999999999998	0.6339299638499363
-0.8399999999999999	0.6360132971832693
-0.835	0.6380966305166027
-0.8300000000000001	0.6401799638499359
-0.8250000000000002	0.6422632971832694
-0.8200000000000003	0.6443466305166026
-0.8149999999999995	0.6464299638499362
-0.8099999999999996	0.6485132971832694
-0.8049999999999997	0.6505966305166029
-0.7999999999999998	0.6526799638499361
-0.7949999999999999	0.6547632971832693
-0.79	0.6568466305166027
-0.7850000000000001	0.658929963849936
-0.7800000000000002	0.6610132971832694
-0.7750000000000004	0.6630966305166024
-0.7699999999999996	0.6651799638499363
-0.7649999999999997	0.6672632971832695
-0.7599999999999998	0.6693466305166027
-0.7549999999999999	0.6714299638499359
-0.75	0.6735132971832694
-0.7450000000000001	0.6755966305166026
-0.7400000000000002	0.677679963849936
-0.7350000000000003	0.6797632971832692
-0.7299999999999995	0.6818466305166029
-0.7249999999999996	0.6839299638499363
-0.7199999999999998	0.6860132971832693
-0.7149999999999999	0.6880966305166027
-0.71	0.690179963849936
-0.7050000000000001	0.6922632971832694
-0.7000000000000002	0.6943466305166026
-0.6950000000000003	0.6964299638499358
-0.6899999999999995	0.6985132971832695
-0.6849999999999996	0.7005966305166029
-0.6799999999999997	0.7026799638499361
-0.6749999999999998	0.7047632971832694
-0.6699999999999999	0.7068466305166028
-0.665	0.708929963849936
-0.6600000000000001	0.7110132971832694
-0.6550000000000002	0.7130966305166027
-0.6499999999999995	0.7151799638499363
-0.6449999999999996	0.7172632971832695
-0.6399999999999997	0.719346630516603
-0.6349999999999998	0.721429963849936
-0.6299999999999999	0.7235132971832694
-0.625	0.7255966305166026
-0.6200000000000001	0.727679963849936
-0.6150000000000002	0.7297632971832693
-0.6100000000000003	0.7318466305166025
-0.6049999999999995	0.7339299638499364
-0.5999999999999996	0.7360132971832696
-0.5949999999999998	0.7380966305166028
-0.5899999999999999	0.740179963849936
-0.585	0.7422632971832694
-0.5800000000000001	0.7443466305166027
-0.5750000000000002	0.7464299638499361
-0.5700000000000003	0.7485132971832691
-0.5649999999999995	0.750596630516603
-0.5599999999999996	0.7526799638499362
-0.5549999999999997	0.7547632971832694
-0.5499999999999998	0.7568466305166028
-0.5449999999999999	0.758929963849936
-0.54	0.7610132971832695
-0.5350000000000001	0.7630966305166027
-0.5300000000000002	0.7651799638499359
-0.5249999999999995	0.7672632971832696
-0.5199999999999996	0.769346630516603
-0.5149999999999997	0.771429963849936
-0.5099999999999998	0.7735132971832694
-0.5049999999999999	0.7755966305166027
-0.5	0.7776799638499361
-0.4950000000000001	0.7797632971832693
-0.4900000000000002	0.7818466305166025
-0.4850000000000003	0.783929963849936
-0.47999999999999954	0.7860132971832696
-0.47499999999999964	0.7880966305166028
-0.46999999999999975	0.790179963849936
-0.46499999999999986	0.7922632971832695
-0.45999999999999996	0.7943466305166027
-0.45500000000000007	0.7964299638499361
-0.4500000000000002	0.7985132971832691
-0.4450000000000003	0.8005966305166026
-0.4399999999999995	0.8026799638499362
-0.4349999999999996	0.8047632971832694
-0.4299999999999997	0.8068466305166029
-0.4249999999999998	0.8089299638499361
-0.41999999999999993	0.8110132971832695
-0.41500000000000004	0.8130966305166027
-0.41000000000000014	0.815179963849936
-0.40500000000000025	0.8172632971832692
-0.39999999999999947	0.8193466305166031
-0.3949999999999996	0.821429963849936
-0.3899999999999997	0.8235132971832695
-0.3849999999999998	0.8255966305166027
-0.3799999999999999	0.8276799638499361
-0.375	0.8297632971832694
-0.3700000000000001	0.8318466305166026
-0.3650000000000002	0.833929963849936
-0.3600000000000003	0.8360132971832692
-0.35499999999999954	0.8380966305166029
-0.34999999999999964	0.8401799638499361
-0.34499999999999975	0.8422632971832695
-0.33999999999999986	0.8443466305166027
-0.33499999999999996	0.8464299638499362
-0.33000000000000007	0.8485132971832692
-0.3250000000000002	0.8505966305166026
-0.3200000000000003	0.8526799638499358
-0.3149999999999995	0.8547632971832695
-0.3099999999999996	0.8568466305166029
-0.3049999999999997	0.8589299638499361
-0.2999999999999998	0.8610132971832696
-0.29499999999999993	0.8630966305166028
-0.29000000000000004	0.865179963849936
-0.28500000000000014	0.8672632971832692
-0.28000000000000025	0.8693466305166027
-0.27499999999999947	0.8714299638499361
-0.2699999999999996	0.8735132971832695
-0.2649999999999997	0.8755966305166027
-0.2599999999999998	0.8776799638499362
-0.2549999999999999	0.8797632971832694
-0.25	0.8818466305166026
-0.2450000000000001	0.883929963849936
-0.2400000000000002	0.8860132971832693
-0.23500000000000032	0.8880966305166027
-0.22999999999999954	0.8901799638499361
-0.22499999999999964	0.8922632971832696
-0.21999999999999975	0.8943466305166028
-0.21499999999999986	0.8964299638499362
-0.20999999999999996	0.8985132971832692
-0.20500000000000007	0.9005966305166027
-0.20000000000000018	0.9026799638499359
-0.19500000000000028	0.9047632971832693
-0.1899999999999995	0.906846630516603
-0.1849999999999996	0.9089299638499362
-0.17999999999999972	0.9110132971832696
-0.17499999999999982	0.9130966305166028
-0.16999999999999993	0.915179963849936
-0.16500000000000004	0.9172632971832693
-0.16000000000000014	0.9193466305166026
-0.15500000000000025	0.9214299638499359
-0.14999999999999947	0.9235132971832696
-0.14499999999999957	0.9255966305166029
-0.13999999999999968	0.9274526200489497
-0.1349999999999998	0.9274526200489497
-0.1299999999999999	0.9274526200489497
-0.125	0.9274526200489497
-0.1200000000000001	0.9274526200489497
-0.11500000000000021	0.9274526200489497
-0.11000000000000032	0.9274526200489497
-0.10499999999999954	0.9274526200489497
-0.09999999999999964	0.9274526200489497
-0.09499999999999975	0.9274526200489497
-0.08999999999999986	0.9274526200489497
-0.08499999999999996	0.9274526200489497
-0.08000000000000007	0.9274526200489497
-0.07500000000000018	0.9274526200489497
-0.07000000000000028	0.9274526200489497
-0.0649999999999995	0.9274526200489497
-0.05999999999999961	0.9274526200489497
-0.054999999999999716	0.9274526200489497
-0.04999999999999982	0.9274526200489497
-0.04499999999999993	0.9274526200489497
-0.040000000000000036	0.9274526200489497
-0.03500000000000014	0.9274526200489497
-0.03000000000000025	0.9274526200489497
-0.024999999999999467	0.9274526200489497
-0.019999999999999574	0.9274526200489497
-0.01499999999999968	0.9274526200489497
-0.009999999999999787	0.9274526200489497
-0.004999999999999893	0.9274526200489497
0.	0.9274526200489497
0.004999999999999893	0.9274526200489497
0.009999999999999787	0.9274526200489497
0.01499999999999968	0.9274526200489497
0.020000000000000462	0.9274526200489497
0.025000000000000355	0.9274526200489497
0.03000000000000025	0.9274526200489497
0.03500000000000014	0.9274526200489497
0.040000000000000036	0.9274526200489497
0.04499999999999993	0.9274526200489497
0.04999999999999982	0.9274526200489497
0.054999999999999716	0.9274526200489497
0.0600000000000005	0.9274526200489497
0.06500000000000039	0.9274526200489497
0.07000000000000028	0.9274526200489497
0.07500000000000018	0.9274526200489497
0.08000000000000007	0.9274526200489497
0.08499999999999996	0.9274526200489497
0.08999999999999986	0.9274526200489497
0.09499999999999975	0.9274526200489497
0.10000000000000053	0.9274526200489497
0.10500000000000043	0.9274526200489497
0.11000000000000032	0.9274526200489497
0.11500000000000021	0.9274526200489497
0.1200000000000001	0.9274526200489497
0.125	0.9274526200489497
0.1299999999999999	0.9274526200489497
0.1349999999999998	0.9274526200489497
0.13999999999999968	0.9274526200489497
0.14500000000000046	0.9274526200489497
0.15000000000000036	0.9274526200489497
0.15500000000000025	0.9274526200489497
0.16000000000000014	0.9274526200489497
0.16500000000000004	0.9274526200489497
0.16999999999999993	0.9274526200489497
0.17499999999999982	0.9274526200489497
0.17999999999999972	0.9274526200489497
0.1850000000000005	0.9274526200489497
0.1900000000000004	0.9274526200489497
0.19500000000000028	0.9274526200489497
0.20000000000000018	0.9274526200489497
0.20500000000000007	0.9274526200489497
0.20999999999999996	0.9274526200489497
0.21499999999999986	0.9274526200489497
0.21999999999999975	0.9274526200489497
0.22500000000000053	0.9274526200489497
0.23000000000000043	0.9274526200489497
0.23500000000000032	0.9274526200489497
0.2400000000000002	0.9274526200489497
0.2450000000000001	0.9274526200489497
0.25	0.9274526200489497
0.2549999999999999	0.9274526200489497
0.2599999999999998	0.9274526200489497
0.2649999999999997	0.9274526200489497
0.27000000000000046	0.9274526200489497
0.27500000000000036	0.9274526200489497
0.28000000000000025	0.9274526200489497
0.28500000000000014	0.9274526200489497
0.29000000000000004	0.9274526200489497
0.29499999999999993	0.9274526200489497
0.2999999999999998	0.9274526200489497
0.3049999999999997	0.9274526200489497
0.3100000000000005	0.9274526200489497
0.3150000000000004	0.9274526200489497
0.3200000000000003	0.9274526200489497
0.3250000000000002	0.9274526200489497
0.33000000000000007	0.9274526200489497
0.33499999999999996	0.9274526200489497
0.33999999999999986	0.9274526200489497
0.34499999999999975	0.9274526200489497
0.35000000000000053	0.9274526200489497
0.3550000000000004	0.9274526200489497
0.3600000000000003	0.9274526200489497
0.3650000000000002	0.9274526200489497
0.3700000000000001	0.9274526200489497
0.375	0.9274526200489497
0.3799999999999999	0.9274526200489497
0.3849999999999998	0.9274526200489497
0.3899999999999997	0.9274526200489497
0.39500000000000046	0.9274526200489497
0.40000000000000036	0.9274526200489497
0.40500000000000025	0.9274526200489497
0.41000000000000014	0.9274526200489497
0.41500000000000004	0.9274526200489497
0.41999999999999993	0.9274526200489497
0.4249999999999998	0.9274526200489497
0.4299999999999997	0.9274526200489497
0.4350000000000005	0.9274526200489497
0.4400000000000004	0.9274526200489497
0.4450000000000003	0.9274526200489497
0.4500000000000002	0.9274526200489497
0.45500000000000007	0.9274526200489497
0.45999999999999996	0.9274526200489497
0.46499999999999986	0.9274526200489497
0.46999999999999975	0.9274526200489497
0.47500000000000053	0.9274526200489497
0.4800000000000004	0.9274526200489497
0.4850000000000003	0.9274526200489497
0.4900000000000002	0.9274526200489497
0.4950000000000001	0.9274526200489497
0.5	0.9274526200489497
0.5049999999999999	0.9274526200489497
0.5099999999999998	0.9274526200489497
0.5149999999999997	0.9274526200489497
0.5200000000000005	0.9274526200489497
0.5250000000000004	0.9274526200489497
0.5300000000000002	0.9274526200489497
0.5350000000000001	0.9274526200489497
0.54	0.9274526200489497
0.5449999999999999	0.9274526200489497
0.5499999999999998	0.9274526200489497
0.5549999999999997	0.9274526200489497
0.5600000000000005	0.9274526200489497
0.5650000000000004	0.9274526200489497
0.5700000000000003	0.9274526200489497
0.5750000000000002	0.9274526200489497
0.5800000000000001	0.9274526200489497
0.585	0.9274526200489497
0.5899999999999999	0.9274526200489497
0.5949999999999998	0.9274526200489497
0.6000000000000005	0.9274526200489497
0.6050000000000004	0.9274526200489497
0.6100000000000003	0.9274526200489497
0.6150000000000002	0.9274526200489497
0.6200000000000001	0.9274526200489497
0.625	0.9274526200489497
0.6299999999999999	0.9274526200489497
0.6349999999999998	0.9274526200489497
0.6399999999999997	0.9274526200489497
0.6450000000000005	0.9274526200489497
0.6500000000000004	0.9274526200489497
0.6550000000000002	0.9274526200489497
0.6600000000000001	0.9274526200489497
0.665	0.9274526200489497
0.6699999999999999	0.9274526200489497
0.6749999999999998	0.9274526200489497
0.6799999999999997	0.9274526200489497
0.6850000000000005	0.9274526200489497
0.6900000000000004	0.9274526200489497
0.6950000000000003	0.9274526200489497
0.7000000000000002	0.9274526200489497
0.7050000000000001	0.9274526200489497
0.71	0.9274526200489497
0.7149999999999999	0.9274526200489497
0.7199999999999998	0.9274526200489497
0.7250000000000005	0.9274526200489497
0.7300000000000004	0.9274526200489497
0.7350000000000003	0.9274526200489497
0.7400000000000002	0.9274526200489497
0.7450000000000001	0.9274526200489497
0.75	0.9274526200489497
0.7549999999999999	0.9274526200489497
0.7599999999999998	0.9274526200489497
0.7649999999999997	0.9274526200489497
0.7700000000000005	0.9274526200489497
0.7750000000000004	0.9274526200489497
0.7800000000000002	0.9274526200489497
0.7850000000000001	0.9274526200489497
0.79	0.9274526200489497
0.7949999999999999	0.9274526200489497
0.7999999999999998	0.9274526200489497
0.8049999999999997	0.9274526200489497
0.8100000000000005	0.9274526200489497
0.8150000000000004	0.9274526200489497
0.8200000000000003	0.9274526200489497
0.8250000000000002	0.9274526200489497
0.8300000000000001	0.9274526200489497
0.835	0.9274526200489497
0.8399999999999999	0.9274526200489497
0.8449999999999998	0.9274526200489497
0.8500000000000005	0.9274526200489497
0.8550000000000004	0.9274526200489497
0.8600000000000003	0.9274526200489497
0.8650000000000002	0.9274526200489497
0.8700000000000001	0.9274526200489497
0.875	0.9274526200489497
0.8799999999999999	0.9274526200489497
0.8849999999999998	0.9274526200489497
0.8899999999999997	0.9274526200489497
0.8950000000000005	0.9274526200489497
0.9000000000000004	0.9274526200489497
0.9050000000000002	0.9274526200489497
0.9100000000000001	0.9274526200489497
0.915	0.9274526200489497
0.9199999999999999	0.9274526200489497
0.9249999999999998	0.9274526200489497
0.9299999999999997	0.9274526200489497
0.9350000000000005	0.9274526200489497
0.9400000000000004	0.9274526200489497
0.9450000000000003	0.9274526200489497
0.9500000000000002	0.9274526200489497
0.9550000000000001	0.9274526200489497
0.96	0.9274526200489497
0.9649999999999999	0.9274526200489497
0.9699999999999998	0.9274526200489497
0.9750000000000005	0.9274526200489497
0.9800000000000004	0.9274526200489497
0.9850000000000003	0.9274526200489497
0.9900000000000002	0.9274526200489497
0.9950000000000001	0.9274526200489497
1.	0.9274526200489497
1.005	0.9274526200489497
1.0099999999999998	0.9274526200489497
1.0150000000000006	0.9274526200489497
1.0200000000000005	0.9274526200489497
1.0250000000000004	0.9274526200489497
1.0300000000000002	0.9274526200489497
1.0350000000000001	0.9274526200489497
1.04	0.9274526200489497
1.045	0.9274526200489497
1.0499999999999998	0.9274526200489497
1.0549999999999997	0.9274526200489497
1.0600000000000005	0.9274526200489497
1.0650000000000004	0.9274526200489497
1.0700000000000003	0.9274526200489497
1.0750000000000002	0.9274526200489497
1.08	0.9274526200489497
1.085	0.9274526200489497
1.0899999999999999	0.9274526200489497
1.0949999999999998	0.9274526200489497
1.1000000000000005	0.9274526200489497
1.1050000000000004	0.9274526200489497
1.1100000000000003	0.9274526200489497
1.1150000000000002	0.9274526200489497
1.12	0.9274526200489497
1.125	0.9274526200489497
1.13	0.9274526200489497
1.1349999999999998	0.9274526200489497
1.1400000000000006	0.9274526200489497
1.1450000000000005	0.9274526200489497
1.1500000000000004	0.9274526200489497
1.1550000000000002	0.9274526200489497
1.1600000000000001	0.9274526200489497
1.165	0.9274526200489497
1.17	0.9274526200489497
1.1749999999999998	0.9274526200489497
1.1799999999999997	0.9274526200489497
1.1850000000000005	0.9274526200489497
1.1900000000000004	0.9274526200489497
1.1950000000000003	0.9274526200489497
1.2000000000000002	0.9274526200489497
1.205	0.9274526200489497
1.21	0.9274526200489497
1.2149999999999999	0.9274526200489497
1.2199999999999998	0.9274526200489497
1.2250000000000005	0.9274526200489497
1.2300000000000004	0.9274526200489497
1.2350000000000003	0.9274526200489497
1.2400000000000002	0.9274526200489497
1.245	0.9274526200489497
1.25	0.9274526200489497
1.255	0.9274526200489497
1.2599999999999998	0.9274526200489497
1.2650000000000006	0.9274526200489497
1.2700000000000005	0.9274526200489497
1.2750000000000004	0.9274526200489497
1.2800000000000002	0.9274526200489497
1.2850000000000001	0.9274526200489497
1.29	0.9274526200489497
1.295	0.9274526200489497
1.2999999999999998	0.9274526200489497
1.3049999999999997	0.9274526200489497
1.3100000000000005	0.9274526200489497
1.3150000000000004	0.9274526200489497
1.3200000000000003	0.9274526200489497
1.3250000000000002	0.9274526200489497
1.33	0.9274526200489497
1.335	0.9274526200489497
1.3399999999999999	0.9274526200489497
1.3449999999999998	0.9274526200489497
1.3500000000000005	0.9274526200489497
1.3550000000000004	0.9274526200489497
1.3600000000000003	0.9274526200489497
1.3650000000000002	0.9274526200489497
1.37	0.9274526200489497
1.375	0.9274526200489497
1.38	0.9274526200489497
1.3849999999999998	0.9274526200489497
1.3900000000000006	0.9274526200489497
1.3950000000000005	0.9274526200489497
1.4000000000000004	0.9274526200489497
1.4050000000000002	0.9274526200489497
1.4100000000000001	0.9274526200489497
1.415	0.9274526200489497
1.42	0.9274526200489497
1.4249999999999998	0.9274526200489497
1.4299999999999997	0.9274526200489497
1.4350000000000005	0.9274526200489497
1.4400000000000004	0.9274526200489497
1.4450000000000003	0.9274526200489497
1.4500000000000002	0.9274526200489497
1.455	0.9274526200489497
1.46	0.9274526200489497
1.4649999999999999	0.9274526200489497
1.4699999999999998	0.9274526200489497
1.4750000000000005	0.9274526200489497
1.4800000000000004	0.9274526200489497
1.4850000000000003	0.9274526200489497
1.4900000000000002	0.9274526200489497
1.495	0.9274526200489497
1.5	0.9274526200489497
1.505	0.9274526200489497
1.5099999999999998	0.9274526200489497
1.5150000000000006	0.9274526200489497
1.5200000000000005	0.9274526200489497
1.5250000000000004	0.9274526200489497
1.5300000000000002	0.9274526200489497
1.5350000000000001	0.9274526200489497
1.54	0.9274526200489497
1.545	0.9274526200489497
1.5499999999999998	0.9274526200489497
1.5549999999999997	0.9274526200489497
1.5600000000000005	0.9274526200489497
1.5650000000000004	0.9274526200489497
1.5700000000000003	0.9274526200489497
1.5750000000000002	0.9274526200489497
1.58	0.9274526200489497
1.585	0.9274526200489497
1.5899999999999999	0.9274526200489497
1.5949999999999998	0.9274526200489497
1.6000000000000005	0.9274526200489497
1.6050000000000004	0.9274526200489497
1.6100000000000003	0.9274526200489497
1.6150000000000002	0.9274526200489497
1.62	0.9274526200489497
1.625	0.9274526200489497
1.63	0.9274526200489497
1.6349999999999998	0.9274526200489497
1.6400000000000006	0.9274526200489497
1.6450000000000005	0.9274526200489497
1.6500000000000004	0.9274526200489497
1.6550000000000002	0.9274526200489497
1.6600000000000001	0.9274526200489497
1.665	0.9274526200489497
1.67	0.9274526200489497
1.6749999999999998	0.9274526200489497
1.6799999999999997	0.9274526200489497
1.6850000000000005	0.9274526200489497
1.6900000000000004	0.9274526200489497
1.6950000000000003	0.9274526200489497
1.7000000000000002	0.9274526200489497
1.705	0.9274526200489497
1.71	0.9274526200489497
1.7149999999999999	0.9274526200489497
1.7199999999999998	0.9274526200489497
1.7250000000000005	0.9274526200489497
1.7300000000000004	0.9274526200489497
1.7350000000000003	0.9274526200489497
1.7400000000000002	0.9274526200489497
1.745	0.9274526200489497
1.75	0.9274526200489497
1.755	0.9274526200489497
1.7599999999999998	0.9274526200489497
1.7650000000000006	0.9274526200489497
1.7700000000000005	0.9274526200489497
1.7750000000000004	0.9274526200489497
1.7800000000000002	0.9274526200489497
1.7850000000000001	0.9274526200489497
1.79	0.9274526200489497
1.795	0.9274526200489497
1.7999999999999998	0.9274526200489497
1.8049999999999997	0.9274526200489497
1.8100000000000005	0.9274526200489497
1.8150000000000004	0.9274526200489497
1.8200000000000003	0.9274526200489497
1.8250000000000002	0.9274526200489497
1.83	0.9274526200489497
1.835	0.9274526200489497
1.8399999999999999	0.9274526200489497
1.8449999999999998	0.9274526200489497
1.8500000000000005	0.9274526200489497
1.8550000000000004	0.9274526200489497
1.8600000000000003	0.9274526200489497
1.8650000000000002	0.9274526200489497
1.87	0.9274526200489497
1.875	0.9274526200489497
1.88	0.9274526200489497
1.8849999999999998	0.9274526200489497
1.8900000000000006	0.9274526200489497
1.8950000000000005	0.9274526200489497
1.9000000000000004	0.9274526200489497
1.9050000000000002	0.9274526200489497
1.9100000000000001	0.9274526200489497
1.915	0.9274526200489497
1.92	0.9274526200489497
1.9249999999999998	0.9274526200489497
1.9299999999999997	0.9274526200489497
1.9350000000000005	0.9274526200489497
1.9400000000000004	0.9274526200489497
1.9450000000000003	0.9274526200489497
1.9500000000000002	0.9274526200489497
1.955	0.9274526200489497
1.96	0.9274526200489497
1.9649999999999999	0.9274526200489497
1.9699999999999998	0.9274526200489497
1.9750000000000005	0.9274526200489497
1.9800000000000004	0.9274526200489497
1.9850000000000003	0.9274526200489497
1.9900000000000002	0.9274526200489497
1.995	0.9274526200489497
2.	0.9274526200489497
2.005	0.9274526200489497
2.01	0.9274526200489497
2.0150000000000006	0.9274526200489497
2.0200000000000005	0.9274526200489497
2.0250000000000004	0.9274526200489497
2.0300000000000002	0.9274526200489497
2.035	0.9274526200489497
2.04	0.9274526200489497
2.045	0.9274526200489497
2.05	0.9274526200489497
2.0549999999999997	0.9274526200489497
2.0600000000000005	0.9274526200489497
2.0650000000000004	0.9274526200489497
2.0700000000000003	0.9274526200489497
2.075	0.9274526200489497
2.08	0.9274526200489497
2.085	0.9274526200489497
2.09	0.9274526200489497
2.0949999999999998	0.9274526200489497
2.1000000000000005	0.9274526200489497
2.1050000000000004	0.9274526200489497
2.1100000000000003	0.9274526200489497
2.115	0.9274526200489497
2.12	0.9274526200489497
2.125	0.9274526200489497
2.13	0.9274526200489497
2.135	0.9274526200489497
2.1400000000000006	0.9274526200489497
2.1450000000000005	0.9274526200489497
2.1500000000000004	0.9274526200489497
2.1550000000000002	0.9274526200489497
2.16	0.9274526200489497
2.165	0.9274526200489497
2.17	0.9274526200489497
2.175	0.9274526200489497
2.1799999999999997	0.9274526200489497
2.1850000000000005	0.9274526200489497
2.1900000000000004	0.9274526200489497
2.1950000000000003	0.9274526200489497
2.2	0.9274526200489497
2.205	0.9274526200489497
2.21	0.9274526200489497
2.215	0.9274526200489497
2.2199999999999998	0.9274526200489497
2.2250000000000005	0.9274526200489497
2.2300000000000004	0.9274526200489497
2.2350000000000003	0.9274526200489497
2.24	0.9274526200489497
2.245	0.9274526200489497
2.25	0.9274526200489497
2.255	0.9274526200489497
2.26	0.9274526200489497
2.2650000000000006	0.9274526200489497
2.2700000000000005	0.9274526200489497
2.2750000000000004	0.9274526200489497
2.2800000000000002	0.9274526200489497
2.285	0.9274526200489497
2.29	0.9274526200489497
2.295	0.9274526200489497
2.3	0.9274526200489497
2.3049999999999997	0.9274526200489497
2.3100000000000005	0.9274526200489497
2.3150000000000004	0.9274526200489497
2.3200000000000003	0.9274526200489497
2.325	0.9274526200489497
2.33	0.9274526200489497
2.335	0.9274526200489497
2.34	0.9274526200489497
2.3449999999999998	0.9274526200489497
2.3500000000000005	0.9274526200489497
2.3550000000000004	0.9274526200489497
2.3600000000000003	0.9274526200489497
2.365	0.9274526200489497
2.37	0.9274526200489497
2.375	0.9274526200489497
2.38	0.9274526200489497
2.385	0.9274526200489497
2.3900000000000006	0.9274526200489497
2.3950000000000005	0.9274526200489497
2.4000000000000004	0.9274526200489497
2.4050000000000002	0.9274526200489497
2.41	0.9274526200489497
2.415	0.9274526200489497
2.42	0.9274526200489497
2.425	0.9274526200489497
2.4299999999999997	0.9274526200489497
2.4350000000000005	0.9274526200489497
2.4400000000000004	0.9274526200489497
2.4450000000000003	0.9274526200489497
2.45	0.9274526200489497
2.455	0.9274526200489497
2.46	0.9274526200489497
2.465	0.9274526200489497
2.4699999999999998	0.9274526200489497
2.4750000000000005	0.9274526200489497
2.4800000000000004	0.9274526200489497
2.4850000000000003	0.9274526200489497
2.49	0.9274526200489497
2.495	0.9274526200489497
2.5	0.9274526200489497
2.505	0.9274526200489497
2.51	0.9274526200489497
2.5150000000000006	0.9274526200489497
2.5200000000000005	0.9274526200489497
2.5250000000000004	0.9274526200489497
2.5300000000000002	0.9274526200489497
2.535	0.9274526200489497
2.54	0.9274526200489497
2.545	0.9274526200489497
2.55	0.9274526200489497
2.5549999999999997	0.9274526200489497
2.5600000000000005	0.9274526200489497
2.5650000000000004	0.9274526200489497
2.5700000000000003	0.9274526200489497
2.575	0.9274526200489497
2.58	0.9274526200489497
2.585	0.9274526200489497
2.59	0.9274526200489497
2.5949999999999998	0.9274526200489497
2.6000000000000005	0.9274526200489497
2.6050000000000004	0.9274526200489497
2.6100000000000003	0.9274526200489497
2.615	0.9274526200489497
2.62	0.9274526200489497
2.625	0.9274526200489497
2.63	0.9274526200489497
2.635	0.9274526200489497
2.6400000000000006	0.9274526200489497
2.6450000000000005	0.9274526200489497
2.6500000000000004	0.9274526200489497
2.6550000000000002	0.9274526200489497
2.66	0.9274526200489497
2.665	0.9274526200489497
2.67	0.9274526200489497
2.675	0.9274526200489497
2.6799999999999997	0.9274526200489497
2.6850000000000005	0.9274526200489497
2.6900000000000004	0.9274526200489497
2.6950000000000003	0.9274526200489497
2.7	0.9274526200489497
2.705	0.9274526200489497
2.71	0.9274526200489497
2.715	0.9274526200489497
2.7199999999999998	0.9274526200489497
2.7250000000000005	0.9274526200489497
2.7300000000000004	0.9274526200489497
2.7350000000000003	0.9274526200489497
2.74	0.9274526200489497
2.745	0.9274526200489497
2.75	0.9274526200489497
2.755	0.9274526200489497
2.76	0.9274526200489497
2.7650000000000006	0.9274526200489497
2.7700000000000005	0.9274526200489497
2.7750000000000004	0.9274526200489497
2.7800000000000002	0.9274526200489497
2.785	0.9274526200489497
2.79	0.9274526200489497
2.795	0.9274526200489497
2.8	0.9274526200489497
2.8050000000000006	0.9274526200489497
2.8100000000000005	0.9274526200489497
2.8150000000000004	0.9274526200489497
2.8200000000000003	0.9274526200489497
2.825	0.9274526200489497
2.83	0.9274526200489497
2.835	0.9274526200489497
2.84	0.9274526200489497
2.8449999999999998	0.9274526200489497
2.8500000000000005	0.9274526200489497
2.8550000000000004	0.9274526200489497
2.8600000000000003	0.9274526200489497
2.865	0.9274526200489497
2.87	0.9274526200489497
2.875	0.9274526200489497
2.88	0.9274526200489497
2.885	0.9274526200489497
2.8900000000000006	0.9274526200489497
2.8950000000000005	0.9274526200489497
2.9000000000000004	0.9274526200489497
2.9050000000000002	0.9274526200489497
2.91	0.9274526200489497
2.915	0.9274526200489497
2.92	0.9274526200489497
2.925	0.9274526200489497
2.9300000000000006	0.9274526200489497
2.9350000000000005	0.9274526200489497
2.9400000000000004	0.9274526200489497
2.9450000000000003	0.9274526200489497
2.95	0.9274526200489497
2.955	0.9274526200489497
2.96	0.9274526200489497
2.965	0.9274526200489497
2.9699999999999998	0.9274526200489497
2.9750000000000005	0.9274526200489497
2.9800000000000004	0.9274526200489497
2.9850000000000003	0.9274526200489497
2.99	0.9274526200489497
2.995	0.9274526200489497
3.	0.9274526200489497
3.005000000000001	0.9274526200489497
3.01	0.9274526200489497
3.0150000000000006	0.9274526200489497
3.0199999999999996	0.9274526200489497
3.0250000000000004	0.9274526200489497
3.0299999999999994	0.9274526200489497
3.035	0.9274526200489497
3.040000000000001	0.9274526200489497
3.045	0.9274526200489497
3.0500000000000007	0.9274526200489497
3.0549999999999997	0.9274526200489497
3.0600000000000005	0.9274526200489497
3.0649999999999995	0.9274526200489497
3.0700000000000003	0.9274526200489497
3.0749999999999993	0.9274526200489497
3.08	0.9274526200489497
3.085000000000001	0.9274526200489497
3.09	0.9274526200489497
3.0950000000000006	0.9274526200489497
3.0999999999999996	0.9274526200489497
3.1050000000000004	0.9274526200489497
3.1099999999999994	0.9274526200489497
3.115	0.9274526200489497
3.120000000000001	0.9274526200489497
3.125	0.9274526200489497
3.130000000000001	0.9274526200489497
3.135	0.9274526200489497
3.1400000000000006	0.9274526200489497
3.1449999999999996	0.9274526200489497
3.1500000000000004	0.9274526200489497
3.1549999999999994	0.9274526200489497
3.16	0.9274526200489497
3.165000000000001	0.9274526200489497
3.17	0.9274526200489497
3.1750000000000007	0.9274526200489497
3.1799999999999997	0.9274526200489497
3.1850000000000005	0.9274526200489497
3.1899999999999995	0.9274526200489497
3.1950000000000003	0.9274526200489497
3.1999999999999993	0.9274526200489497
3.205	0.9274526200489497
3.210000000000001	0.9274526200489497
3.215	0.9274526200489497
3.2200000000000006	0.9274526200489497
3.2249999999999996	0.9274526200489497
3.2300000000000004	0.9274526200489497
3.2349999999999994	0.9274526200489497
3.24	0.9274526200489497
3.245000000000001	0.9274526200489497
3.25	0.9274526200489497
3.255000000000001	0.9274526200489497
3.26	0.9274526200489497
3.2650000000000006	0.9274526200489497
3.2699999999999996	0.9274526200489497
3.2750000000000004	0.9274526200489497
3.2799999999999994	0.9274526200489497
3.285	0.9274526200489497
3.290000000000001	0.9274526200489497
3.295	0.9274526200489497
3.3000000000000007	0.9274526200489497
3.3049999999999997	0.9274526200489497
3.3100000000000005	0.9274526200489497
3.3149999999999995	0.9274526200489497
3.3200000000000003	0.9274526200489497
3.3249999999999993	0.9274526200489497
3.33	0.9274526200489497
3.335000000000001	0.9274526200489497
3.34	0.9274526200489497
3.3450000000000006	0.9274526200489497
3.3499999999999996	0.9274526200489497
3.3550000000000004	0.9274526200489497
3.3599999999999994	0.9274526200489497
3.365	0.9274526200489497
3.370000000000001	0.9274526200489497
3.375	0.9274526200489497
3.380000000000001	0.9274526200489497
3.385	0.9274526200489497
3.3900000000000006	0.9274526200489497
3.3949999999999996	0.9274526200489497
3.4000000000000004	0.9274526200489497
3.4049999999999994	0.9274526200489497
3.41	0.9274526200489497
3.415000000000001	0.9274526200489497
3.42	0.9274526200489497
3.4250000000000007	0.9274526200489497
3.4299999999999997	0.9274526200489497
3.4350000000000005	0.9274526200489497
3.4399999999999995	0.9274526200489497
3.4450000000000003	0.9274526200489497
3.4499999999999993	0.9274526200489497
3.455	0.9274526200489497
3.460000000000001	0.9274526200489497
3.465	0.9274526200489497
3.4700000000000006	0.9274526200489497
3.4749999999999996	0.9274526200489497
3.4800000000000004	0.9274526200489497
3.4849999999999994	0.9274526200489497
3.49	0.9274526200489497
3.495000000000001	0.9274526200489497
3.5	0.9274526200489497
3.505000000000001	0
3.51	0
3.5150000000000006	0
3.5199999999999996	0
3.5250000000000004	0
3.5299999999999994	0
3.535	0
3.540000000000001	0
3.545	0
3.5500000000000007	0
3.5549999999999997	0
3.5600000000000005	0
3.5649999999999995	0
3.5700000000000003	0
3.575000000000001	0
3.58	0
3.585000000000001	0
3.59	0
3.5950000000000006	0
3.5999999999999996	0
3.6050000000000004	0
3.6099999999999994	0
3.615	0
3.620000000000001	0
3.625	0
3.630000000000001	0
3.635	0
3.6400000000000006	0
3.6449999999999996	0
3.6500000000000004	0
3.6549999999999994	0
3.66	0
3.665000000000001	0
3.67	0
3.6750000000000007	0
3.6799999999999997	0
3.6850000000000005	0
3.6899999999999995	0
3.6950000000000003	0
3.700000000000001	0
3.705	0
3.710000000000001	0
3.715	0
3.7200000000000006	0
3.7249999999999996	0
3.7300000000000004	0
3.7349999999999994	0
3.74	0
3.745000000000001	0
3.75	0
3.755000000000001	0
3.76	0
3.7650000000000006	0
3.7699999999999996	0
3.7750000000000004	0
3.7799999999999994	0
3.785	0
3.790000000000001	0
3.795	0
3.8000000000000007	0
3.8049999999999997	0
3.8100000000000005	0
3.8149999999999995	0
3.8200000000000003	0
3.825000000000001	0
3.83	0
3.835000000000001	0
3.84	0
3.8450000000000006	0
3.8499999999999996	0
3.8550000000000004	0
3.8599999999999994	0
3.865	0
3.870000000000001	0
3.875	0
3.880000000000001	0
3.885	0
3.8900000000000006	0
3.8949999999999996	0
3.9000000000000004	0
3.9049999999999994	0
3.91	0
3.915000000000001	0
3.92	0
3.9250000000000007	0
3.9299999999999997	0
3.9350000000000005	0
3.9399999999999995	0
3.9450000000000003	0
3.950000000000001	0
3.955	0
3.960000000000001	0
3.965	0
3.9700000000000006	0
3.9749999999999996	0
3.9800000000000004	0
3.9849999999999994	0
3.99	0
3.995000000000001	0
4.	0
4.005000000000001	0
4.01	0
4.015000000000001	0
4.02	0
4.025	0
4.029999999999999	0
4.035	0
4.040000000000001	0
4.045	0
4.050000000000001	0
4.055	0
4.0600000000000005	0
4.0649999999999995	0
4.07	0
4.075000000000001	0
4.08	0
4.085000000000001	0
4.09	0
4.095000000000001	0
4.1	0
4.105	0
4.109999999999999	0
4.115	0
4.120000000000001	0
4.125	0
4.130000000000001	0
4.135	0
4.140000000000001	0
4.145	0
4.15	0
4.154999999999999	0
4.16	0
4.165000000000001	0
4.17	0
4.175000000000001	0
4.18	0
4.1850000000000005	0
4.1899999999999995	0
4.195	0
4.200000000000001	0
4.205	0
4.210000000000001	0
4.215	0
4.220000000000001	0
4.225	0
4.23	0
4.234999999999999	0
4.24	0
4.245000000000001	0
4.25	0
4.255000000000001	0
4.26	0
4.265000000000001	0
4.27	0
4.275	0
4.279999999999999	0
4.285	0
4.290000000000001	0
4.295	0
4.300000000000001	0
4.305	0
4.3100000000000005	0
4.3149999999999995	0
4.32	0
4.325000000000001	0
4.33	0
4.335000000000001	0
4.34	0
4.345000000000001	0
4.35	0
4.355	0
4.359999999999999	0
4.365	0
4.370000000000001	0
4.375	0
4.380000000000001	0
4.385	0
4.390000000000001	0
4.395	0
4.4	0
4.404999999999999	0
4.41	0
4.415000000000001	0
4.42	0
4.425000000000001	0
4.43	0
4.4350000000000005	0
4.4399999999999995	0
4.445	0
4.450000000000001	0
4.455	0
4.460000000000001	0
4.465	0
4.470000000000001	0
4.475	0
4.48	0
4.484999999999999	0
4.49	0
4.495000000000001	0
4.5	0
4.505000000000001	0
4.51	0
4.515000000000001	0
4.52	0
4.525	0
4.529999999999999	0
4.535	0
4.540000000000001	0
4.545	0
4.550000000000001	0
4.555	0
4.5600000000000005	0
4.5649999999999995	0
4.57	0
4.575000000000001	0
4.58	0
4.585000000000001	0
4.59	0
4.595000000000001	0
4.6	0
4.605	0
4.609999999999999	0
4.615	0
4.620000000000001	0
4.625	0
4.630000000000001	0
4.635	0
4.640000000000001	0
4.645	0
4.65	0
4.654999999999999	0
4.66	0
4.665000000000001	0
4.67	0
4.675000000000001	0
4.68	0
4.6850000000000005	0
4.6899999999999995	0
4.695	0
4.700000000000001	0
4.705	0
4.710000000000001	0
4.715	0
4.720000000000001	0
4.725	0
4.73	0
4.734999999999999	0
4.74	0
4.745000000000001	0
4.75	0
4.755000000000001	0
4.76	0
4.765000000000001	0
4.77	0
4.775	0
4.779999999999999	0
4.785	0
4.790000000000001	0
4.795	0
4.800000000000001	0
4.805	0
4.8100000000000005	0
4.8149999999999995	0
4.82	0
4.825000000000001	0
4.83	0
4.835000000000001	0
4.84	0
4.845000000000001	0
4.85	0
4.855	0
4.859999999999999	0
4.865	0
4.870000000000001	0
4.875	0
4.880000000000001	0
4.885	0
4.890000000000001	0
4.895	0
4.9	0
4.904999999999999	0
4.91	0
4.915000000000001	0
4.92	0
4.925000000000001	0
4.93	0
4.9350000000000005	0
4.9399999999999995	0
4.945	0
4.950000000000001	0
4.955	0
4.960000000000001	0
4.965	0
4.970000000000001	0
4.975	0
4.98	0
4.984999999999999	0
4.99	0
4.995000000000001	0
5.	0